2182-01-01 325.291 200.647 279.295019964	
2202-01-02 327.818 196.737 279.912026978	
4091-01-01 330.926 209.906 282.066989907	
2242-01-02 330.159 208.502 282.295490486	
2155-11-26 325.206 205.081 278.034360363	
2245-11-04 337.268 200.87 282.045498706	
2221-11-10 327.386 200.693 279.932368052	
2211-11-13 327.829 203.031 280.930772277	
4040-12-31 332.296 204.871 279.011072383	
2162-01-01 327.605 198.142 278.620217283	
4060-12-31 328.945 203.23 280.601728187	
2006-01-01 324.437 200.996 278.002746263	
2116-01-01 322.033 198.906 277.746142335	
2036-12-24 327.045 200.37 279.509115634	
2161-11-24 327.277 201.286 278.299803904	
2076-12-14 330.937 201.275 281.320337469	
2015-12-30 325.301 202.429 279.21187909	
2202-01-02 334.499 202.132 279.168841255	
2136-01-01 327.001 200.066 278.345220377	
2145-11-28 323.531 199.108 277.569762447	
2201-11-15 326.221 200.288 280.374065894	
2090-12-11 328.284 204.374 281.439389037	
2165-11-23 333.572 200.037 278.061150726	
2126-01-01 323.796 197.983 277.909002468	
2135-12-01 326.277 199.525 277.340710609	
2165-11-23 333.81 194.225 278.71222389	
2232-01-02 336.238 199.086 280.700705237	
2246-01-02 326.983 203.37 280.082462071	
2156-01-01 325.515 195.612 278.494126858	
2105-12-08 326.393 200.798 278.051679867	
2161-11-24 324.66 198.602 279.05567932	
2085-12-12 326.616 199.138 280.004496246	
2135-12-01 325.713 199.011 277.383572592	
2221-11-10 327.8 204.786 280.144256426	
2026-12-27 324.454 197.184 278.915975065	
2172-01-01 331.465 200.932 279.362274136	
2035-12-25 324.886 206.511 278.756068081	
2125-12-03 328.43 195.93 277.777403489	
2016-12-29 324.318 203.535 278.458758935	
2095-12-10 325.366 202.255 279.790056448	
2075-12-15 331.332 196.866 278.934677827	
2146-01-01 327.131 202.745 277.655912443	
2115-12-06 324.981 202.077 277.021994967	
2115-12-06 324.301 200.537 277.325579031	
2236-01-02 330.225 207.571 281.902544677	
2046-12-22 326.51 202.809 279.995101246	
2085-12-12 330.966 202.167 282.275207195	
2136-01-01 324.206 201.127 278.050799292	
2196-01-01 328.555 197.883 279.377121447	
2065-12-17 323.676 200.753 278.997392596	
2182-01-01 329.359 202.675 279.817936778	
2221-11-10 326.555 204.01 280.981172033	
2016-12-29 325.072 196.689 278.607996565	
2211-11-13 327.28 202.855 280.088538039	
2035-12-25 325.315 203.883 280.591029074	
2076-12-14 328.103 202.815 279.859977763	
2246-01-02 333.589 203.201 279.822120054	
2192-01-01 330.103 203.476 280.178905605	
2070-12-16 330.168 204.666 282.372436292	
2145-11-28 324.309 198.209 278.317884842	
2232-01-02 328.182 203.393 279.485322605	
2171-11-22 323.632 197.037 278.576656703	
2125-12-03 321.773 201.074 277.16164277	
2015-12-30 324.756 196.39 278.569875378	
