2030-12-26 324.352 201.572 278.538754114	
2026-12-27 333.484 199.404 278.927837876	
2066-12-17 334.474 198.811 279.739011723	
2055-12-20 325.332 202.289 279.588448274	
2161-11-24 327.093 203.107 277.941850142	
2181-11-19 329.742 200.711 279.941893535	
2155-11-26 323.223 204.207 278.991602801	
4071-01-01 329.412 202.191 279.876278305	
2135-12-01 324.116 190.917 277.76177353	
2197-01-01 327.821 204.267 279.347054155	
2126-01-01 330.038 197.101 278.249660663	
2015-12-30 323.274 201.111 278.559311414	
2135-12-01 323.087 199.551 277.014981188	
2156-01-01 334.259 202.213 278.386540548	
2106-01-01 326.449 199.542 277.601491799	
2007-01-01 333.481 194.706 278.332922215	
2171-11-22 325.564 202.473 279.638917732	
2075-12-15 329.347 200.606 280.374979967	
2145-11-28 326.02 200.309 278.316411645	
2015-12-30 324.527 198.779 278.178245838	
2006-01-01 323.396 193.733 277.844625048	
2206-01-02 331.711 203.857 279.606070963	
2055-12-20 326.377 199.029 279.477748806	
4101-01-01 334.857 204.905 280.298057533	
2025-12-27 323.352 206.179 278.194065514	
2026-12-27 325.458 203.507 278.940263522	
2232-01-02 335.332 199.418 280.9276562	
2251-11-03 332.099 202.156 280.371048532	
2136-01-01 323.921 198.809 277.913525039	
2212-01-02 332.316 200.772 280.63476807	
2007-01-01 327.119 196.483 278.568987832	
2065-12-17 325.535 202.002 279.785207415	
2055-12-20 325.503 205.59 280.911611488	
2060-12-18 326.811 197.19 279.327488659	
2176-01-01 325.28 196.682 278.888446318	
2015-12-30 324.42 204.807 279.105479608	
2070-12-16 327.056 205.752 279.02991459	
2115-12-06 323.549 197.747 276.859357555	
2065-12-17 324.666 199.677 280.017766143	
2100-12-09 321.668 201.574 277.599388326	
2025-12-27 325.304 204.597 278.928790365	
3984-12-31 322.619 196.076 277.091440038	
2095-12-10 333.241 202.26 282.627541352	
4004-12-31 326.914 195.993 277.970240569	
2076-12-14 328.144 200.912 279.8775988	
2046-12-22 334.08 199.016 279.222091882	
2186-01-01 324.823 203.511 279.146674954	
2025-12-27 326.374 204.402 280.139562712	
2125-12-03 323.323 195.626 277.332614457	
2140-11-29 328.38 201.092 278.023038878	
2151-01-01 324.531 203.749 278.045783456	
2116-01-01 322.524 197.916 277.334847739	
2095-12-10 332.6 201.315 282.322333729	
2055-12-20 328.099 202.483 278.880104051	
2085-12-12 328.675 211.047 282.348492996	
2135-12-01 326.822 201.641 277.857402994	
2085-12-12 333.956 208.668 283.81221737	
2242-01-02 337.994 210.589 284.157643219	
2075-12-15 326.776 204.562 280.454860922	
2076-12-14 332.803 206.069 281.709580555	
2055-12-20 326.5 205.231 279.642442377	
2125-12-03 323.067 200.444 277.622083787	
2145-11-28 324.918 199.446 277.85586956	
2065-12-17 327.411 201.554 279.466405183	
