2056-12-19 331.263 200.264 279.672683887	
2146-01-01 322.004 207.067 278.489647873	
4080-12-31 326.62 201.794 280.250052116	
2086-12-12 334.406 194.552 279.67582277	
2110-12-07 326.023 202.877 277.032271785	
2135-12-01 329.598 201.864 277.928821452	
2065-12-17 328.16 198.381 279.890543985	
2065-12-17 332.159 201.8 281.489512416	
2236-01-02 325.333 202.341 279.72430978	
2247-01-02 326.345 203.723 280.561944157	
2035-12-25 323.739 202.119 278.384829701	
2135-12-01 321.561 202.123 277.286851714	
2175-11-21 331.246 195.277 279.019634973	
2202-01-02 327.978 199.716 278.910796159	
2075-12-15 326.523 199.952 279.078501666	
2135-12-01 325.722 200.37 277.41827348	
2125-12-03 324.426 200.077 277.519122118	
3964-12-31 327.795 202.219 277.120166225	
2060-12-18 333.727 204.239 279.585074171	
2167-01-01 328.362 198.662 278.538340157	
4040-12-31 328.626 202.759 279.414278085	
2085-12-12 326.236 201.941 279.918490864	
2125-12-03 325.638 200.286 277.713136386	
2065-12-17 327.817 202.269 281.405044003	
2020-12-28 324.664 205.844 279.013133436	
2025-12-27 326.382 199.847 279.772259089	
2202-01-02 331.59 201.275 281.405107251	
2182-01-01 326.212 198.397 278.423695382	
2094-12-10 327.306 201.598 277.356142085	
2115-12-06 325.427 203.773 277.649797841	
2165-11-23 324.143 202.862 278.019208148	
2252-01-02 333.467 201.124 281.384236867	
2232-01-02 333.95 200.745 281.653764651	
2115-12-06 321.628 199.377 277.570418486	
2252-01-02 335.391 206.077 281.405573504	
2120-12-04 323.917 201.053 277.306292442	
4040-12-31 326.524 204.097 279.33658533	
2161-11-24 326.385 195.264 278.470484903	
2015-12-30 323.708 198.519 278.564052209	
2025-12-27 329.692 203.497 278.666447565	
2135-12-01 323.546 197.75 277.586824292	
2015-12-30 324.449 204.529 279.62330935	
2145-11-28 324.561 199.98 278.00516702	
2055-12-20 327.765 202.486 280.251929745	
2232-01-02 335.543 208.923 283.147873095	
2130-12-02 324.583 197.1 277.642657805	
2065-12-17 329.114 201.216 282.138884427	
2181-11-19 326.113 201.075 278.645275515	
2202-01-02 329.255 202.85 280.447949472	
2125-12-03 324.928 199.917 277.43134855	
2241-11-05 330.789 201.774 283.901715792	
2201-11-15 330.597 197.063 279.475811897	
2115-12-06 330.75 202.115 278.052472384	
2125-12-03 323.704 200.7 277.325275966	
2222-01-02 328.373 201.48 279.293748965	
2182-01-01 327.202 199.167 278.474227183	
2085-12-12 327.332 195.969 279.151748851	
2201-11-15 327.799 197.618 279.74775549	
2045-12-22 325.053 197.444 279.100476418	
2145-11-28 325.837 197.296 277.35805023	
2006-01-01 329.363 206.019 278.841624672	
2197-01-01 334.838 202.905 279.512131915	
2025-12-27 324.261 206.597 279.811364828	
4031-01-01 333.489 197.191 278.922231182	
