2065-12-17 327.553 202.219 280.005617949	
2241-11-05 331.208 210.022 282.581688192	
2045-12-22 327.53 203.728 279.607416777	
2192-01-01 332.748 203.386 280.215117941	
2125-12-03 321.732 195.027 278.135295401	
2015-12-30 325.74 202.137 279.1596982	
2156-01-01 333.825 195.064 278.493574878	
2115-12-06 322.095 196.249 277.052186528	
2055-12-20 325.486 201.709 278.871767142	
2016-12-29 325.279 202.505 278.688893146	
2025-12-27 324.404 200.307 278.370562672	
2045-12-22 328.678 205.502 279.495174666	
2086-12-12 336.644 212.38 282.200133783	
2007-01-01 328.166 198.424 278.491446608	
2050-12-21 327.165 204.581 280.291112432	
2086-12-12 329.612 204.89 279.770638671	
2126-01-01 323.934 199.706 277.665134504	
2246-01-02 329.566 209.986 282.346215434	
2056-12-19 326.306 201.821 280.218048499	
2065-12-17 328.52 200.862 279.934574931	
2146-01-01 327.417 190.804 277.739992284	
2036-12-24 331.765 197.391 279.318120041	
2066-12-17 328.414 193.89 279.657812078	
2251-11-03 336.875 200.514 282.880775511	
2115-12-06 323.908 197.255 276.780907138	
2241-11-05 327.403 206.929 281.446825816	
2211-11-13 328.346 203.584 280.071807112	
2212-01-02 330.602 199.563 280.02440013	
2236-01-02 325.534 200.965 280.127305356	
2186-01-01 327.426 203.615 279.581943206	
2155-11-26 324.547 201.027 278.883654073	
2106-01-01 326.024 194.456 277.562410349	
2006-01-01 321.733 202.072 277.838625118	
3995-01-01 324.009 196.499 277.632215387	
2075-12-15 325.914 200.221 279.432397014	
2116-01-01 325.445 197.016 277.482651357	
2110-12-07 324.471 200.225 277.304725117	
2165-11-23 330.853 202.694 278.835884448	
2040-12-23 325.391 198.948 279.123758175	
2202-01-02 331.965 198.011 279.23799673	
2136-01-01 323.27 195.73 278.312210793	
2202-01-02 330.533 201.702 280.305637679	
2075-12-15 335.433 206.959 282.600143341	
2242-01-02 333.926 199.146 279.441064731	
2105-12-08 322.794 197.705 277.529135583	
2236-01-02 328.139 206.371 281.629390293	
2076-12-14 327.421 201.029 279.547366706	
4071-01-01 330.625 204.711 281.333932077	
2110-12-07 322.075 199.098 276.912348744	
2075-12-15 325.599 199.173 279.825947947	
2211-11-13 325.922 202.038 280.683613648	
2182-01-01 327.774 201.36 279.752439298	
2006-01-01 323.008 204.215 278.897930303	
2065-12-17 326.663 205.513 281.626755166	
2135-12-01 327.1 200.63 277.883895247	
2185-11-18 327.456 202.147 279.013439906	
2075-12-15 324.318 206.755 280.794182276	
2242-01-02 329.434 204.773 280.268236652	
2086-12-12 334.089 207.012 282.329823752	
2232-01-02 327.427 199.559 279.32448779	
2201-11-15 333.29 200.62 279.955351061	
2115-12-06 321.608 195.687 277.636870676	
2025-12-27 323.483 201.949 278.708549045	
2065-12-17 329.903 202.234 280.764733606	
2055-12-20 329.747 202.473 280.642805388	
