2196-01-01 325.949 199.248 279.837133859	
2096-12-09 331.845 203.131 282.342162808	
2094-12-10 322.006 199.637 277.396544241	
2025-12-27 330.762 203.816 278.599012867	
2046-12-22 329.728 195.51 279.246921525	
2172-01-01 327.166 199.16 278.266916778	
2065-12-17 325.586 198.431 280.029001178	
2212-01-02 330.36 199.084 280.730394391	
2055-12-20 328.081 196.326 278.934284571	
2221-11-10 329.411 210.967 282.460704612	
2105-12-08 324.338 203.464 277.789712932	
2045-12-22 326.502 197.613 278.762181742	
2006-01-01 321.093 198.505 277.814779595	
2216-01-02 334.86 198.568 279.851863845	
2015-12-30 324.314 200.502 279.648331607	
4051-01-01 332.935 203.075 279.038737844	
2167-01-01 330.268 206.787 278.490072062	
2080-12-13 328.118 207.197 281.003807913	
2006-01-01 323.974 200.587 277.92255593	
2226-01-02 328.246 198.41 281.215387929	
2040-12-23 327.082 198.701 278.819065839	
2242-01-02 334.41 212.816 283.782132934	
2085-12-12 328.561 204.37 281.589999953	
2182-01-01 330.158 199.234 279.880592334	
2045-12-22 326.143 199.047 279.029609832	
2207-01-02 328.353 203.634 280.20429392	
4011-01-01 329.221 196.983 277.931401763	
2222-01-02 329.548 205.359 282.053931954	
2045-12-22 321.252 201.475 278.1729287	
2007-01-01 327.825 200.056 278.383490695	
2025-12-27 325.67 202.048 278.889781631	
2191-11-17 328.586 195.989 279.34454017	
2145-11-28 324.748 195.513 278.469154932	
2035-12-25 324.423 195.038 278.774985118	
2232-01-02 336.023 207.219 282.960963531	
2115-12-06 322.716 200.364 277.391554858	
4004-12-31 334.367 203.928 277.950658545	
2116-01-01 323.651 199.501 277.386207279	
2206-01-02 325.839 201.911 280.095643595	
2145-11-28 322.866 201.135 277.871441534	
2182-01-01 332.363 201.633 278.539631217	
3984-12-31 327.57 198.695 277.120057988	
2181-11-19 325.515 205.982 278.856107199	
2181-11-19 324.53 201.635 279.141611648	
2195-11-16 325.856 196.049 279.2259767	
2056-12-19 326.534 201.141 280.192114834	
2162-01-01 325.482 202.316 278.607787565	
2235-11-07 326.336 196.685 279.33466402	
2156-01-01 327.977 199.108 278.045545039	
2226-01-02 329.395 202.494 281.232779286	
2085-12-12 326.776 201.958 279.097157187	
2241-11-05 333.872 199.502 282.613410909	
2006-01-01 327.384 199.607 278.238019724	
2202-01-02 326.032 199.895 279.470036101	
2245-11-04 328.538 200.983 280.048738615	
2231-11-08 332.311 207.288 283.22427202	
2242-01-02 328.773 202.969 281.52193923	
2135-12-01 322.536 201.505 277.039031523	
2161-11-24 324.489 200.593 278.473761508	
2015-12-30 323.91 199.218 278.321048315	
2105-12-08 323.078 193.331 277.72858723	
2161-11-24 324.945 200.315 279.390804395	
2025-12-27 326.363 196.551 279.257247367	
2035-12-25 324.459 196.875 278.762250307	
2120-12-04 321.741 196.643 276.950022637	
