2245-11-04 331.631 196.918 281.949201522	
4080-12-31 329.587 202.703 281.181945218	
2186-01-01 331.423 204.395 279.663330356	
2010-12-31 323.928 203.409 278.688778952	
2162-01-01 323.169 200.892 278.516542934	
2145-11-28 323.396 204.244 277.838785008	
2222-01-02 331.995 207.44 281.254596261	
2115-12-06 324.641 191.588 277.468485389	
2172-01-01 324.722 200.426 278.515919834	
2135-12-01 325.955 201.087 277.58699383	
2196-01-01 328.54 197.086 279.573181485	
2105-12-08 322.1 200.007 276.918888086	
2172-01-01 332.236 202.792 278.537536114	
2235-11-07 328.526 201.096 280.173428035	
2251-11-03 326.027 204.942 281.003885227	
2075-12-15 325.668 203.756 280.112473807	
2105-12-08 322.252 199.413 277.807252935	
2030-12-26 325.479 197.104 278.435158284	
2025-12-27 328.568 205.292 278.862094522	
2056-12-19 328.405 204.268 279.539400439	
2015-12-30 324.567 192.542 278.0734545	
2140-11-29 330.389 197.47 278.005022975	
2045-12-22 324.886 201.394 280.695136764	
2182-01-01 330.279 201.108 279.883900512	
4101-01-01 332.478 208.22 283.036916582	
2161-11-24 325.388 202.863 279.486031071	
2025-12-27 325.238 202.151 279.567847415	
2116-01-01 326.281 203.756 277.958252381	
4020-12-31 327.135 195.233 278.494780318	
2125-12-03 323.367 195.995 277.304060908	
2065-12-17 330.127 195.416 280.619370871	
2055-12-20 325.63 206.481 279.457554867	
2045-12-22 329.058 195.985 279.398237313	
2085-12-12 325.984 206.758 279.915157154	
2060-12-18 327.175 200.782 279.680289166	
2227-01-02 329.439 199.498 281.116851481	
2045-12-22 325.499 203.832 279.901706946	
2125-12-03 329.592 198.209 277.146078242	
2025-12-27 330.336 203.504 279.912364163	
2241-11-05 330.095 198.942 282.0848017	
2016-12-29 325.278 199.521 278.441419314	
2015-12-30 325.076 203.65 279.042291847	
2206-01-02 329.871 199.552 279.978473879	
2006-01-01 323.397 200.573 278.110646034	
2125-12-03 324.024 196.124 277.573768487	
2222-01-02 331.636 201.005 281.260467657	
3955-01-01 324.039 202.08 277.322762253	
2090-12-11 327.812 203.996 280.921371125	
2055-12-20 327.483 200.287 279.881343812	
2146-01-01 328.065 194.619 278.34887395	
2126-01-01 322.82 194.067 277.74984075	
2065-12-17 325.918 207.395 279.37793199	
2076-12-14 331.95 195.936 279.693595339	
2045-12-22 327.438 200.737 279.922322465	
2192-01-01 330.112 200.93 280.479350319	
2066-12-17 329.949 204.485 281.02465473	
2105-12-08 324.39 194.33 278.034244481	
2015-12-30 324.178 203.503 279.463562105	
2212-01-02 333.478 206.927 279.827192145	
2175-11-21 323.847 199.299 278.136279605	
2055-12-20 327.567 203.466 280.122311341	
2201-11-15 330.357 200.585 280.550531649	
2080-12-13 327.475 204.128 280.663144858	
2236-01-02 327.628 198.731 279.549097757	
2065-12-17 328.137 200.104 280.184169359	
