4020-12-31 332.411 202.446 278.127574352	
2136-01-01 324.556 202.671 277.985441026	
2231-11-08 332.387 205.82 282.726646586	
2095-12-10 333.401 207.157 283.741677612	
2006-01-01 322.806 204.735 279.053725497	
2045-12-22 327.85 200.926 280.164584193	
2232-01-02 334.693 199.883 281.181660931	
2126-01-01 322.742 196.216 277.432340403	
2075-12-15 329.23 199.558 280.889531247	
2066-12-17 333.889 209.197 281.244289921	
2080-12-13 331.339 206.626 282.943345717	
2015-12-30 323.872 201.855 278.205180518	
2116-01-01 326.768 204.675 278.112226967	
2065-12-17 329.749 201.586 282.205344588	
2222-01-02 326.53 199.954 279.664093578	
2007-01-01 325.79 203.092 278.194811381	
2015-12-30 323.738 196.544 278.25334613	
2115-12-06 323.276 195.572 276.76345928	
4011-01-01 332.031 200.136 278.155975827	
2085-12-12 328.981 204.835 282.17188384	
2006-01-01 324.445 198.476 277.902038698	
2125-12-03 322.6 203.562 277.537525211	
2212-01-02 332.236 202.369 280.127445855	
2065-12-17 329.344 202.293 281.854677484	
2146-01-01 331.109 203.397 278.174255915	
2006-01-01 322.365 201.844 278.204021381	
2145-11-28 323.62 198.301 278.212306002	
2016-12-29 327.697 202.413 278.606329711	
2126-01-01 324.977 197.113 278.351770125	
2006-01-01 327.296 200.62 278.105342404	
2216-01-02 325.577 199.978 279.918256836	
2252-01-02 337.811 208.023 284.139199038	
2015-12-30 323.628 206.572 279.222820009	
2146-01-01 331.419 195.963 277.822557927	
2085-12-12 330.913 201.445 280.908337199	
2086-12-12 330.183 205.561 279.687057805	
2045-12-22 326.332 197.772 279.232752569	
2221-11-10 328.714 203.508 280.07013402	
2162-01-01 326.657 206.196 278.966824772	
2196-01-01 327.492 202.492 279.351408656	
2171-11-22 325.422 204.179 279.489272641	
2166-01-01 324.149 201.991 278.516799614	
2075-12-15 329.183 203.56 280.634913752	
2201-11-15 330.531 202.628 279.826390843	
2215-11-12 332.423 199.738 280.416962059	
2201-11-15 330.779 206.028 279.959115519	
2070-12-16 326.513 193.67 279.218341886	
2080-12-13 329.673 200.9 280.314816345	
2201-11-15 329.714 206.513 280.953663091	
2241-11-05 329.964 205.182 282.392078367	
2046-12-22 327.615 203.22 279.860627187	
2186-01-01 325.653 203.835 279.021897468	
2055-12-20 328.005 203.577 280.835152813	
2025-12-27 326.842 195.506 278.298940478	
2006-01-01 324.905 198.498 277.958707767	
2006-01-01 322.716 203.294 278.204877453	
3964-12-31 333.712 196.208 276.912393847	
2135-12-01 325.637 202.008 278.5362954	
2166-01-01 327.35 199.646 278.432742536	
2162-01-01 329.42 203.161 278.745998351	
2035-12-25 325.964 203.458 280.212320421	
2015-12-30 323.226 202.842 277.850237045	
2105-12-08 321.463 200.455 277.588802186	
2065-12-17 325.293 199.407 279.903987062	
