2166-01-01 326.73 202.783 278.818110385	
2161-11-24 324.82 195.405 279.215604185	
2085-12-12 332.302 201.172 283.24666324	
2105-12-08 322.885 198.274 276.571987443	
2085-12-12 325.365 200.99 279.967847086	
2191-11-17 331.582 200.13 280.275597648	
2126-01-01 323.558 193.402 278.377414054	
2045-12-22 325.467 200.874 279.550635474	
2211-11-13 329.513 208.861 282.038767622	
2006-01-01 324.861 199.127 278.159974647	
2045-12-22 330.051 198.849 279.531780531	
2055-12-20 330.194 205.108 280.790797155	
4091-01-01 336.264 208.261 282.793469179	
2242-01-02 332.912 205.215 281.253175299	
2192-01-01 330.561 193.474 280.38267523	
2105-12-08 321.849 201.466 277.75405566	
2085-12-12 327.022 201.578 281.319893919	
2065-12-17 324.655 197.473 279.309439407	
2181-11-19 325.792 202.318 279.003867694	
2065-12-17 331.857 204.841 281.101265549	
2045-12-22 326.65 198.074 278.953376885	
2075-12-15 328.759 208.188 281.994606779	
2202-01-02 335.221 202.722 281.115881224	
2086-12-12 331.392 204.358 279.782479835	
2191-11-17 330.026 200.844 279.299983072	
2045-12-22 325.018 202.302 278.925110295	
2146-01-01 323.613 198.336 277.987648539	
2252-01-02 327.055 199.78 279.746948715	
2205-11-14 326.694 199.445 279.999988029	
2135-12-01 326.826 201.161 277.748490842	
2076-12-14 329.096 204.138 281.557940056	
2172-01-01 325.62 204.596 279.483033728	
2035-12-25 324.827 204.392 279.074650991	
2045-12-22 325.471 189.821 278.740396022	
2212-01-02 330.057 204.299 281.135609633	
2075-12-15 326.168 201.373 279.948840611	
3975-01-01 322.539 193.944 277.231542438	
2246-01-02 333.976 206.362 279.94689754	
2226-01-02 326.566 201.531 279.890452679	
2125-12-03 321.181 203.658 276.981925507	
2006-01-01 323.966 204.377 279.110963634	
2171-11-22 324.976 204.504 279.296177187	
2075-12-15 327.879 202.879 280.709077971	
2060-12-18 326.479 202.455 279.130027475	
2135-12-01 327.531 196.868 277.762273363	
2035-12-25 334.036 197.078 278.69049406	
2145-11-28 322.186 198.086 278.178434929	
2025-12-27 323.836 202.394 278.989749629	
2236-01-02 327.729 199.413 279.768338932	
2222-01-02 333.487 203.156 280.79666896	
2030-12-26 333.242 202.679 279.515043378	
2145-11-28 326.787 200.763 278.553946416	
2212-01-02 331.894 208.376 281.037366651	
2125-12-03 323.184 201.404 277.370887177	
2020-12-28 325.937 193.912 278.614399314	
4031-01-01 325.995 200.534 278.881728773	
2075-12-15 328.064 202.363 281.406594821	
2020-12-28 326.233 201.084 279.342916813	
2075-12-15 326.763 204.203 280.077275027	
2015-12-30 326.661 198.783 278.281193192	
2096-12-09 330.351 205.746 282.348289041	
2075-12-15 330.958 209.997 282.141742983	
2115-12-06 322.675 201.614 277.248221167	
2036-12-24 326.62 202.034 278.997910724	
4071-01-01 331.654 203.114 279.670757263	
