2201-11-15 325.449 203.697 281.156216825	
2237-01-02 327.809 204.543 281.868205936	
2172-01-01 330.062 206.174 279.554326071	
2136-01-01 325.349 198.37 277.985817438	
2231-11-08 325.964 204.894 281.07395643	
2045-12-22 324.883 199.22 279.485693076	
2182-01-01 328.601 200.45 279.984298644	
2065-12-17 329.186 208.677 282.305864128	
2100-12-09 326.327 196.685 278.004607051	
2075-12-15 325.708 207.194 279.939272431	
2115-12-06 332.743 193.714 277.909754654	
2016-12-29 326.382 201.061 278.714090796	
2162-01-01 330.002 203.24 277.817275217	
2090-12-11 332.946 199.499 283.631195255	
2015-12-30 323.932 204.372 278.300559253	
2126-01-01 324.468 198.902 278.360673342	
2212-01-02 331.878 200.336 280.070219998	
2182-01-01 330.681 197.394 279.863714002	
4060-12-31 329.159 199.385 280.662557566	
2241-11-05 330.474 207.121 283.524272684	
2186-01-01 329.954 200.472 279.502339221	
2182-01-01 325.582 198.542 278.515356947	
2116-01-01 326.906 195.916 277.67073858	
4051-01-01 332.222 203.456 279.900666742	
2045-12-22 326.728 202.212 279.760897311	
2085-12-12 329.439 207.704 283.830467855	
2040-12-23 329.603 202.689 280.104143973	
2111-01-01 325.62 195.704 277.578745397	
2202-01-02 330.116 200.298 279.558823122	
4091-01-01 335.853 202.978 280.271647625	
2236-01-02 327.554 203.166 280.080978171	
2215-11-12 331.185 196.905 280.644603436	
2211-11-13 326.451 198.723 279.8747124	
2125-12-03 328.393 201.975 277.398487696	
2246-01-02 330.533 203.867 282.484538749	
2070-12-16 327.405 196.416 279.226396195	
2126-01-01 322.708 198.793 277.838935954	
2216-01-02 329.876 204.496 281.091072745	
2075-12-15 328.206 201.877 279.894678651	
2246-01-02 325.275 195.449 279.927767047	
2135-12-01 327.459 196.715 278.317422802	
2006-01-01 324.38 201.057 277.916143551	
2085-12-12 328.955 209.873 282.793920269	
2065-12-17 325.276 201.054 278.844687249	
2035-12-25 326.937 205.692 280.071733965	
2065-12-17 328.701 206.05 280.809265272	
2135-12-01 324.563 194.394 277.504820049	
2055-12-20 326.016 202.055 279.310356926	
2016-12-29 326.683 197.189 278.530325457	
2217-01-02 333.385 203.844 280.59333542	
2225-11-09 328.384 195.295 279.965794757	
2025-12-27 328.051 199.571 278.725693838	
2166-01-01 325.791 198.773 278.544427656	
2110-12-07 322.079 199.964 277.166386916	
2025-12-27 324.288 203.86 279.848820505	
2060-12-18 325.854 206.486 278.631922878	
2025-12-27 325.662 203.043 278.542447207	
2095-12-10 324.879 200.86 279.740591988	
2202-01-02 329.36 199.827 279.2939236	
2015-12-30 326.029 198.834 278.004876905	
2145-11-28 323.903 203.578 278.241854865	
2055-12-20 326.213 199.527 279.832658661	
2231-11-08 326.692 203.596 280.276716929	
2125-12-03 322.744 197.001 277.109970269	
2105-12-08 321.46 194.942 276.924953558	
