2172-01-01 325.819 200.517 278.532960958	
2085-12-12 332.897 197.484 281.146666613	
2015-12-30 324.112 199.287 278.219193958	
2172-01-01 325.469 202.095 279.445245013	
2016-12-29 333.051 197.954 278.380416755	
2026-12-27 327.543 203.036 279.260169774	
2015-12-30 330.104 205.503 279.208099728	
2045-12-22 330.99 202.626 278.957358226	
2025-12-27 324.782 200.416 278.602454814	
2232-01-02 333.742 202.62 283.429379046	
2146-01-01 332.184 201.035 278.569021938	
2015-12-30 325.901 203.145 278.81213304	
2015-12-30 323.132 201.724 278.571975182	
2202-01-02 329.823 207.361 280.648489237	
2115-12-06 323.218 198.004 277.672527948	
2232-01-02 335.407 205.424 281.326428405	
2006-01-01 329.031 200.638 277.970738461	
2026-12-27 334.811 201.361 279.002586576	
2110-12-07 322.413 202.091 276.880959616	
2105-12-08 325.39 197.717 277.322206717	
2055-12-20 324.898 190.654 279.520665366	
2025-12-27 326.666 197.393 278.698811053	
2135-12-01 323.783 200.245 277.968027694	
2145-11-28 327.041 196.918 277.723333463	
2040-12-23 326.399 206.723 280.180586294	
2015-12-30 322.985 199.855 278.157339618	
2162-01-01 325.122 198.41 277.993394651	
2141-01-01 329.873 200.934 277.596892786	
2085-12-12 329.853 201.467 280.02590559	
2035-12-25 322.181 194.395 278.328235437	
2182-01-01 330.986 200.946 279.725973875	
2195-11-16 325.607 197.118 279.488205381	
2181-11-19 323.921 203.201 278.710812314	
2085-12-12 332.767 177.549 279.302458888	
2065-12-17 327.814 205.541 281.106660765	
2135-12-01 324.791 198.317 277.400371026	
2191-11-17 329.055 195.746 280.397600582	
2146-01-01 322.876 203.96 278.054079434	
2162-01-01 327.049 199.706 279.030057593	
2162-01-01 327.579 196.96 278.376524006	
2115-12-06 323.72 199.874 277.831800274	
4080-12-31 327.533 205.775 280.221360561	
2055-12-20 326.342 200.821 279.29803601	
2085-12-12 332.876 201.836 283.483914633	
2186-01-01 327.557 199.758 279.062082441	
2247-01-02 328.588 198.604 280.315914594	
2115-12-06 321.625 199.041 277.326602362	
2050-12-21 327.686 205.787 280.740440915	
2202-01-02 331.467 206.601 280.571801678	
2006-01-01 325.08 194.594 277.889726928	
2185-11-18 325.005 197.469 278.837460578	
2226-01-02 333.054 201.827 279.457807404	
2115-12-06 322.501 198.888 277.733880328	
2162-01-01 329.971 198.565 278.8077214	
2175-11-21 328.622 199.992 278.888181327	
2055-12-20 324.606 204.553 279.781678879	
2066-12-17 328.579 205.112 281.053294328	
2035-12-25 324.816 191.777 279.022913547	
2130-12-02 323.786 199.973 277.760599012	
2105-12-08 325.382 201.95 276.847819455	
2015-12-30 326.226 203.181 279.872088763	
2185-11-18 326.326 199.649 278.537514223	
2085-12-12 326.974 202.896 279.694829245	
2035-12-25 322.537 202.091 278.068066123	
