2050-12-21 327.56 203.178 280.533880282	
2006-01-01 322.241 197.777 277.723926819	
2172-01-01 326.203 198.012 278.234019903	
2035-12-25 326.223 200.707 279.226031721	
2246-01-02 331.874 205.223 282.353134935	
2050-12-21 325.527 204.415 279.135382503	
2182-01-01 331.156 202.819 279.861586964	
2045-12-22 326.896 205.336 279.348188371	
2216-01-02 324.62 203.692 279.766308218	
2125-12-03 331.118 199.811 277.342052752	
2065-12-17 330.963 207.072 279.297230236	
2045-12-22 333.042 207.241 280.708191855	
2006-01-01 323.312 199.164 278.138744444	
2135-12-01 323.541 194.157 278.151236822	
2202-01-02 328.118 201.203 279.179799604	
2096-12-09 329.24 208.637 282.468822131	
2056-12-19 333.921 202.354 280.589432426	
2115-12-06 321.98 203.694 277.612669912	
2216-01-02 329.063 201.854 279.993347875	
2015-12-30 325.985 199.698 279.222997629	
2006-01-01 321.731 202.145 277.841733473	
2030-12-26 326.169 203.621 279.674407665	
2146-01-01 325.327 196.252 277.708695883	
2030-12-26 326.436 200.173 278.392230993	
2226-01-02 327.943 205.41 281.118644765	
3995-01-01 327.973 191.349 277.905514645	
2106-01-01 324.455 202.48 277.236509519	
2025-12-27 326.149 204.705 279.446910203	
2155-11-26 325.763 197.82 277.947294255	
2187-01-01 330.949 194.647 279.336940653	
2090-12-11 324.863 200.076 279.014350182	
2242-01-02 337.369 203.39 283.382798126	
2207-01-02 325.868 201.824 279.490153653	
2192-01-01 329.592 200.89 279.013659489	
2196-01-01 326.171 206.259 279.498971021	
2045-12-22 326.09 199.922 279.391872958	
4060-12-31 340.01 183.424 280.037703459	
2105-12-08 323.133 189.272 278.046943663	
2066-12-17 326.563 199.341 279.459564584	
2025-12-27 323.047 199.547 277.953856279	
2106-01-01 324.126 198.538 277.875925378	
2030-12-26 325.013 206.64 278.587624178	
2226-01-02 329.215 200.977 279.931025175	
2085-12-12 335.435 201.358 280.226252888	
2166-01-01 325.53 204.767 278.966340052	
2035-12-25 324.77 202.84 279.48753311	
2086-12-12 328.214 208.498 282.355779064	
2155-11-26 324.201 200.984 278.058107633	
2215-11-12 328.285 198.722 279.370017498	
2126-01-01 322.346 198.048 277.981409977	
2130-12-02 322.915 201.023 277.524719152	
2135-12-01 323.021 198.349 277.21012792	
2050-12-21 327.124 199.655 279.088602205	
2191-11-17 325.044 195.11 279.502713465	
2070-12-16 326.011 205.51 280.000132311	
2066-12-17 334.003 202.204 280.756875576	
2242-01-02 334.425 205.666 281.036989208	
2201-11-15 326.644 200.56 280.1553957	
2026-12-27 326.835 195.208 279.061575921	
2045-12-22 326.445 203.465 281.200089036	
2086-12-12 333.552 205.135 282.311206931	
2222-01-02 337.716 206.923 282.289434251	
2135-12-01 327.892 203.611 277.567337931	
2145-11-28 331.257 198.724 277.718344468	
2115-12-06 327.224 193.412 277.347004892	
