2172-01-01 327.299 203.221 279.324663041	
2145-11-28 325.209 199.802 277.861408486	
2192-01-01 328.557 207.71 280.564548577	
2030-12-26 327.093 200.183 279.494794482	
2080-12-13 335.666 205.005 283.080556617	
2115-12-06 322.78 195.549 277.60258996	
2186-01-01 327.731 200.979 279.378860583	
2085-12-12 328.229 210.128 282.677645589	
2036-12-24 327.817 204.508 279.327255272	
2065-12-17 326.788 201.707 281.136005843	
2105-12-08 322.44 197.891 277.315505097	
2196-01-01 325.682 198.612 279.254489297	
2175-11-21 324.42 198.694 278.733457868	
2182-01-01 329.601 200.78 279.889642135	
2202-01-02 327.354 204.051 280.15884883	
4091-01-01 330.697 210.044 282.724954949	
2065-12-17 327.386 200.587 281.099622561	
2095-12-10 325.868 201.563 280.182391403	
2105-12-08 331.154 202.081 277.30046797	
2006-01-01 323.304 199.361 278.396890477	
2065-12-17 329.774 199.265 281.188396163	
2192-01-01 327.391 197.626 278.913613128	
2166-01-01 326.286 202.78 278.772980913	
2241-11-05 330.729 202.232 283.86956652	
2162-01-01 326.159 198.492 278.630078911	
2055-12-20 326.087 204.949 281.620693873	
2182-01-01 324.752 196.065 278.46108911	
2182-01-01 325.703 206.192 279.902284212	
2026-12-27 330.334 196.737 278.771867883	
2030-12-26 324.608 202.158 278.650970231	
2162-01-01 324.412 198.725 277.930940796	
2007-01-01 326.318 196.38 278.072308371	
2095-12-10 328.163 205.191 281.340333625	
2162-01-01 323.971 201.192 278.571505339	
2076-12-14 336.073 203.641 281.632039332	
2155-11-26 330.967 197.6 277.886648985	
2025-12-27 330.987 197.91 278.83631239	
2191-11-17 327.543 203.94 280.272178458	
2015-12-30 324.92 203.46 279.371976644	
2046-12-22 332.992 199.314 279.760832369	
2030-12-26 327.244 199.179 278.719192406	
2252-01-02 338.261 208.426 285.036376383	
2007-01-01 329.012 193.947 278.350456662	
4051-01-01 332.339 206.75 279.327558336	
2020-12-28 330.58 199.993 278.389401101	
2106-01-01 323.266 201.132 277.602784715	
2055-12-20 327.842 200.011 278.770652911	
2161-11-24 324.514 197.222 278.862983512	
2070-12-16 326.51 202.194 278.861427151	
2192-01-01 332.485 205.371 279.962998162	
2006-01-01 325.339 198.004 278.766293916	
2035-12-25 326.205 198.717 279.464695034	
2182-01-01 334.983 203.154 278.592611011	
2075-12-15 329.898 201.976 281.840352898	
2065-12-17 329.52 200.562 280.188993652	
2116-01-01 325.277 198.924 277.671699216	
2181-11-19 323.572 202.48 279.809921663	
2130-12-02 322.499 199.644 277.639936754	
2222-01-02 332.669 198.49 280.826198333	
2136-01-01 323.205 198.371 277.338363633	
2035-12-25 324.836 204.132 280.092537741	
2015-12-30 325.99 200.085 278.674410991	
2040-12-23 325.019 198.623 278.626219557	
2232-01-02 333.892 205.784 281.171425562	
2036-12-24 326.7 200.007 279.08755288	
