2015-12-30 323.552 200.635 277.808162973	
2162-01-01 323.861 195.46 278.459802242	
2095-12-10 332.062 204.865 282.923548803	
2231-11-08 326.291 200.961 281.14567062	
2016-12-29 327.126 203.53 278.580547579	
2070-12-16 329.593 200.937 282.118219607	
2192-01-01 330.223 202.041 280.243270756	
2222-01-02 336.59 198.73 280.262995249	
2055-12-20 328.196 205.213 280.410949068	
2056-12-19 327.274 203.78 280.273595897	
2106-01-01 326.814 189.495 277.379949557	
2195-11-16 324.556 196.641 279.0821767	
2025-12-27 326.698 201.379 280.207480268	
2096-12-09 332.033 197.718 279.98174476	
2006-01-01 324.944 203.981 277.916901213	
2095-12-10 325.751 198.009 279.052774444	
2231-11-08 328.244 203.99 280.321318056	
2015-12-30 323.49 201.168 278.072700788	
2161-11-24 326.746 200.417 278.44862109	
2171-11-22 324.808 203.121 278.738792586	
2075-12-15 325.789 203.616 279.294578482	
2126-01-01 324.07 193.18 277.984536018	
2155-11-26 324.623 196.48 278.14339865	
2192-01-01 328.782 195.892 278.617714908	
2146-01-01 325.111 199.196 278.125246693	
2175-11-21 326.773 204.212 278.620633206	
2245-11-04 326.827 201.034 279.732921503	
2110-12-07 322.177 202.258 277.022896773	
2045-12-22 330.183 202.291 279.415403753	
2221-11-10 329.193 201.437 282.616055755	
2095-12-10 337.429 208.955 284.022951201	
2125-12-03 321.875 201.957 278.070686022	
2206-01-02 326.731 205.543 280.065092728	
2065-12-17 325.876 202.587 279.975982566	
2065-12-17 324.735 206.67 280.282014181	
2182-01-01 327.174 199.873 280.211099282	
2115-12-06 328.218 204.315 277.317590243	
2125-12-03 326.9 198.546 277.346317303	
2125-12-03 322.707 194.133 277.206950917	
2025-12-27 325.524 203.111 278.260302476	
2115-12-06 323.285 203.305 277.241803337	
2196-01-01 332.037 199.444 279.336620064	
2165-11-23 323.963 200.639 278.290061764	
3964-12-31 322.875 200.904 276.777833198	
2105-12-08 322.138 193.541 277.817355089	
2242-01-02 332.673 205.053 281.458416005	
2242-01-02 337.53 208.037 283.996076569	
2145-11-28 326.243 194.13 277.432305384	
2085-12-12 326.546 206.428 280.669737063	
2126-01-01 326.5 193.691 277.720181202	
2065-12-17 326.862 202.587 280.979990832	
2105-12-08 321.508 193.243 277.297933375	
2015-12-30 325.629 199.169 278.739418332	
2075-12-15 335.586 204.045 281.80249148	
2232-01-02 336.056 206.466 283.749850447	
2165-11-23 328.512 203.06 278.545110296	
2065-12-17 328.228 205.737 281.682326396	
2171-11-22 323.949 199.022 278.61491769	
2025-12-27 323.81 200.507 279.066273421	
2145-11-28 328.488 201.124 277.666743095	
2040-12-23 325.093 192.644 278.642828848	
2036-12-24 327.799 202.621 279.15931423	
2166-01-01 325.049 190.771 278.674378521	
2035-12-25 321.959 197.492 278.268888059	
