2035-12-25 329.369 201.659 279.07824447	
2025-12-27 325.942 200.747 278.916819316	
2145-11-28 324.411 195.484 278.832166392	
2090-12-11 332.337 204.859 283.41049323	
2212-01-02 328.069 195.704 279.186293502	
2161-11-24 323.329 202.708 279.111341077	
4040-12-31 326.382 200.477 279.026355494	
2105-12-08 323.714 197.914 277.730365554	
2065-12-17 327.812 194.073 279.734920352	
2090-12-11 326.132 202.986 278.894754576	
2222-01-02 337.309 197.147 281.111478715	
4011-01-01 324.646 203.171 278.155326403	
2156-01-01 322.619 204.675 278.439260863	
2225-11-09 329.14 199.857 281.376912983	
2215-11-12 334.885 198.431 279.80143939	
2085-12-12 324.511 202.344 279.116276109	
2094-12-10 326.39 194.851 277.454121666	
2007-01-01 326.892 195.854 278.28324128	
4101-01-01 338.124 206.237 283.036332101	
2165-11-23 327.686 198.236 278.74637338	
2007-01-01 332.29 200.723 278.104584743	
2085-12-12 332.239 206.717 282.685383381	
2010-12-31 323.77 199.509 278.973730178	
2115-12-06 320.893 198.309 277.077011533	
2212-01-02 330.324 205.94 280.814453192	
2172-01-01 331.442 198.039 278.086921797	
2226-01-02 332.854 206.139 281.251577617	
2006-01-01 324.067 207.094 279.146376678	
2246-01-02 328.933 201.92 280.21294128	
2212-01-02 329.133 200.542 279.69117465	
2125-12-03 321.706 199.97 277.573250832	
2006-01-01 323.958 202.167 278.930012967	
2006-01-01 323.686 202.432 279.076194463	
2046-12-22 329.035 204.492 279.28720746	
2045-12-22 321.541 203.933 278.160517482	
2055-12-20 326.6 206.481 280.722734516	
2070-12-16 329.867 202.713 281.049581364	
2085-12-12 331.488 206.578 281.768548253	
2045-12-22 325.207 196.538 278.800910991	
2016-12-29 327.101 197.533 278.494065952	
4011-01-01 323.553 201.278 278.114932232	
2045-12-22 328.902 199.847 278.668249922	
2040-12-23 326.421 202.342 278.94608447	
2035-12-25 325.869 204.199 279.183516097	
2166-01-01 325.736 204.77 279.089591676	
2085-12-12 329.134 202.052 280.911444734	
2175-11-21 326.4 197.641 278.670938032	
2226-01-02 327.369 202.797 281.074165704	
2242-01-02 326.496 201.455 279.747887379	
2006-01-01 323.718 202.949 277.912560459	
2175-11-21 325.145 195.118 278.31405397	
2006-01-01 326.261 205.399 278.600756452	
2136-01-01 326.488 199.929 277.932295903	
2035-12-25 324.521 201.089 278.854461262	
2006-01-01 323.204 199.192 278.310971684	
2155-11-26 324.429 200.068 277.984268127	
2241-11-05 331.677 209.536 284.057089137	
2120-12-04 321.942 190.52 277.189112849	
2135-12-01 324.025 190.647 277.652048643	
2172-01-01 325.525 203.832 279.523858387	
2025-12-27 322.813 202.12 277.982919398	
3975-01-01 322.816 199.608 277.445116338	
2182-01-01 326.594 197.753 278.495077454	
2080-12-13 327.799 197.885 281.102491183	
