2156-01-01 333.851 204.968 278.779013521	
2232-01-02 331.732 202.505 281.04199849	
2110-12-07 321.096 200.714 276.844093545	
2236-01-02 329.735 197.943 280.933285217	
2036-12-24 330.062 200.729 279.06696614	
2232-01-02 334.552 209.638 282.852357343	
2006-01-01 322.499 203.794 279.111052444	
2182-01-01 331.579 199.798 279.773775935	
2241-11-05 326.165 207.411 281.236279169	
2025-12-27 323.131 198.518 278.819578898	
2145-11-28 323.948 200.544 277.755757475	
2085-12-12 325.601 202.731 279.993326154	
2066-12-17 328.943 199.003 279.713337828	
2075-12-15 324.407 201.603 279.003553054	
2035-12-25 323.833 204.127 280.268426229	
2247-01-02 329.572 206.845 282.463151348	
2185-11-18 330.691 202.624 279.04303613	
2187-01-01 324.309 198.28 279.006522445	
2035-12-25 327.499 203.425 280.101907211	
4071-01-01 334.896 202.64 280.726893835	
2007-01-01 325.124 204.661 278.264234805	
2095-12-10 325.28 201.738 278.952310233	
2065-12-17 325.795 207.334 281.047379995	
2085-12-12 325.443 205.203 280.633902171	
2115-12-06 323.212 198.637 276.599241603	
2106-01-01 324.207 201.024 277.707066817	
2135-12-01 322.703 205.415 277.619670371	
2070-12-16 332.825 199.974 280.199182588	
2060-12-18 326.831 198.943 279.487660568	
2085-12-12 327.188 206.571 280.560080941	
2075-12-15 329.552 205.318 281.627947961	
2172-01-01 327.422 200.127 279.750929525	
2066-12-17 336.652 200.289 280.762785334	
2245-11-04 329.704 202.258 282.392313047	
2035-12-25 325.537 200.582 278.623411433	
2046-12-22 327.371 205.427 279.664219728	
2212-01-02 324.73 197.794 279.630560596	
2182-01-01 333.617 203.884 279.837077328	
2215-11-12 329.073 201.196 279.826657475	
2155-11-26 327.584 200.989 277.916966155	
2126-01-01 322.769 195.318 277.788035694	
2045-12-22 327.414 203.445 280.382014402	
2050-12-21 331.219 204.947 278.855941513	
2065-12-17 328.507 200.709 280.244588292	
2076-12-14 325.92 198.75 279.535417305	
2232-01-02 329.796 201.701 280.446064627	
2055-12-20 327.178 205.452 280.474887609	
2195-11-16 329.212 200.449 279.63791587	
2105-12-08 320.796 202.495 276.80770894	
2166-01-01 323.598 196.316 278.61693851	
2095-12-10 323.221 189.368 277.827314282	
2136-01-01 326.38 190.801 278.196116191	
4040-12-31 326.673 200.144 278.894370894	
2222-01-02 331.846 205.839 281.029923516	
2171-11-22 325.781 204.58 279.603682308	
2182-01-01 327.897 203.208 279.693047514	
2085-12-12 328.682 203.256 280.785546938	
2181-11-19 325.083 198.897 280.11713815	
2105-12-08 322.522 199.516 277.015284253	
2045-12-22 325.217 202.748 279.845538903	
2231-11-08 329.828 198.592 281.9253956	
2155-11-26 326.986 195.092 278.016847563	
2075-12-15 329.269 200.821 280.605148486	
4080-12-31 331.045 204.209 279.842507807	
2227-01-02 332.367 202.274 281.408107229	
