2020-12-28 327.093 201.123 279.229654338	
2110-12-07 322.378 199.607 276.728423093	
2110-12-07 327.811 204.611 277.201238129	
2126-01-01 326.057 201.894 277.884164098	
2075-12-15 327.574 203.496 281.858838272	
2015-12-30 323.377 203.591 278.454039787	
2015-12-30 334.282 201.679 279.683544829	
2065-12-17 328.771 198.797 279.385248833	
2015-12-30 326.479 195.62 278.453476953	
4051-01-01 327.304 205.439 280.090415039	
2242-01-02 331.071 199.896 279.593248054	
2075-12-15 325.685 205.24 279.574988873	
2055-12-20 331.287 200.493 279.279101452	
2251-11-03 325.968 199.639 280.32451014	
4071-01-01 328.798 203.325 281.214914309	
2245-11-04 338.156 188.678 281.94821644	
2106-01-01 324.289 203.216 277.783474019	
2145-11-28 327.288 199.888 277.386300173	
2201-11-15 326.599 199.251 279.893666778	
2046-12-22 329.03 201.479 279.530568273	
2202-01-02 326.075 202.641 279.296324832	
2192-01-01 331.37 202.396 280.724036491	
2231-11-08 328.434 202.502 281.258778265	
2211-11-13 326.688 199.087 280.891429383	
2162-01-01 326.016 202.608 278.64924107	
2015-12-30 324.498 199.233 278.044562717	
2226-01-02 329.076 200.231 281.068640095	
2036-12-24 326.736 202.582 279.360181068	
4020-12-31 324.901 196.731 278.328874139	
2246-01-02 335.738 201.191 282.599541852	
2196-01-01 328.237 200.605 279.688426746	
2145-11-28 327.658 197.344 277.701097624	
2075-12-15 328.407 201.604 280.51678353	
4020-12-31 326.22 204.324 278.433373384	
2126-01-01 324.617 202.145 277.615689457	
2217-01-02 327.825 204.561 280.110120134	
2181-11-19 325.764 195.631 278.958474049	
2161-11-24 323.598 200.395 278.817801351	
2090-12-11 334.717 207.515 283.41489326	
2191-11-17 325.79 204.545 280.874511051	
2242-01-02 331.944 202.212 280.558069504	
2115-12-06 325.673 197.594 277.583744514	
2192-01-01 326.239 200.484 278.774235925	
2105-12-08 326.607 201.754 278.049060156	
2146-01-01 329.896 201.508 278.443622016	
2100-12-09 324.407 199.574 277.413153532	
2046-12-22 326.187 199.066 279.355332035	
2105-12-08 320.755 199.492 277.13824186	
2125-12-03 322.738 198.226 277.362617845	
2145-11-28 324.555 194.548 277.70062138	
2065-12-17 326.826 201.102 279.930180495	
2055-12-20 325.226 202.792 278.765914025	
2162-01-01 326.284 201.738 278.37672704	
2105-12-08 325.262 204.141 277.900969839	
2252-01-02 333.114 206.859 281.412989151	
2146-01-01 324.134 202.246 278.069287263	
2135-12-01 322.505 201.826 277.386992892	
2182-01-01 331.474 200.449 278.947702137	
2056-12-19 330.578 205.486 280.629869892	
2140-11-29 324.5 200.375 277.96250095	
2226-01-02 328.021 199.383 279.905915155	
2045-12-22 324.147 199.684 278.79764573	
2110-12-07 321.407 203.892 277.231866272	
2125-12-03 322.281 200.768 277.342572291	
