2075-12-15 327.257 208.28 282.939480094	
2115-12-06 322.796 193.183 277.744072984	
2045-12-22 331.868 207.108 281.082126963	
4031-01-01 326.36 202.69 278.713481838	
4040-12-31 331.745 201.263 278.834797067	
2177-01-01 329.384 201.887 278.85254327	
2035-12-25 329.106 203.544 278.53391192	
2055-12-20 327.02 203.848 279.647681064	
2116-01-01 322.34 196.865 276.924389689	
2035-12-25 325.745 202.907 280.586188921	
2020-12-28 324.639 193.884 278.352002984	
2115-12-06 327.19 201.736 277.42126083	
2090-12-11 334.142 202.089 280.731615957	
2162-01-01 323.208 207.004 278.476958351	
2177-01-01 323.872 198.916 278.846348202	
2192-01-01 331.022 200.163 280.405813487	
2135-12-01 323.743 196.647 277.309668143	
2156-01-01 329.353 198.83 278.454609	
2055-12-20 332.748 199.017 279.720142237	
2055-12-20 324.897 200.081 279.301520224	
2016-12-29 333.796 200.526 278.719416073	
2192-01-01 328.948 203.138 280.507836173	
2015-12-30 323.99 205.797 278.551323499	
2191-11-17 328.443 196.343 279.742141824	
2066-12-17 329.14 202.671 281.078123971	
2015-12-30 324.354 203.494 279.223174691	
2050-12-21 328.285 201.51 279.479432112	
2025-12-27 326.372 205.262 278.461378278	
4011-01-01 332.665 195.384 278.055271815	
2095-12-10 326.819 203.207 280.282080789	
2116-01-01 325.002 195.721 277.890401432	
2172-01-01 325.286 192.692 277.973333452	
2006-01-01 326.364 198.31 278.058118762	
2212-01-02 333.881 205.597 281.009213836	
2196-01-01 326.865 206.548 279.392861727	
2201-11-15 327.04 205.159 280.657392454	
2146-01-01 324.148 206.147 278.378102333	
4020-12-31 327.379 203.853 278.403171324	
2065-12-17 326.039 198.578 279.671861283	
2125-12-03 326.189 197.014 277.324972902	
2252-01-02 332.736 206.775 281.634459446	
2166-01-01 326.32 199.539 278.894522286	
2055-12-20 328.276 184.533 279.630227023	
2015-12-30 325.451 201.053 278.039060423	
2094-12-10 322.239 199.275 277.149995308	
2221-11-10 327.25 199.393 280.218488903	
2015-12-30 320.802 202.847 278.044420423	
2135-12-01 334.7 197.711 277.674925837	
2085-12-12 329.207 200.306 281.336767895	
2105-12-08 329.634 201.366 277.104861467	
2075-12-15 330.949 203.095 279.980922156	
2066-12-17 330.47 203.302 280.620474892	
2145-11-28 325.751 192.456 278.935097348	
2216-01-02 327.838 198.784 279.956143578	
2026-12-27 326.671 203.668 278.893894649	
2045-12-22 329.346 200.704 279.480757453	
2216-01-02 331.064 202.474 280.672227217	
2075-12-15 326.375 203.362 280.882015508	
2025-12-27 329.482 202.446 278.384002537	
2006-01-01 325.879 200.557 278.066413926	
2085-12-12 326.496 189.821 280.854964365	
2162-01-01 325.248 207.156 278.824396608	
2045-12-22 326.013 203.313 280.271290356	
2015-12-30 322.845 203.281 279.083432489	
2187-01-01 327.298 196.707 278.862245048	
