2015-12-30 323.163 201.29 278.500019005	
2035-12-25 325.389 192.47 278.504551404	
2192-01-01 329.463 202.777 279.926218545	
2035-12-25 332.458 183.925 278.60885218	
2030-12-26 329.35 200.113 279.496414393	
2221-11-10 328.358 202.245 281.134110851	
2222-01-02 331.285 204.741 281.144205253	
2065-12-17 328.191 202.703 281.173437764	
2186-01-01 323.295 201.309 279.032993089	
2065-12-17 335.685 204.896 281.360385281	
3955-01-01 325.797 199.792 277.383425432	
2181-11-19 325.316 198.738 279.701795314	
2075-12-15 325.63 206.231 280.686189142	
2135-12-01 321.894 200.951 278.15936295	
2046-12-22 327.011 196.047 279.441965194	
2035-12-25 325.561 203.833 280.176507731	
2095-12-10 327.433 200.96 281.223743764	
2065-12-17 326.592 208.739 281.710680751	
2100-12-09 322.577 199.868 277.282434272	
2035-12-25 327.218 207.194 279.890206174	
2162-01-01 325.944 196.262 278.594143267	
2055-12-20 325.289 191.069 278.910359571	
2065-12-17 326.686 206.011 280.3269569	
2166-01-01 328.944 200.221 278.309952532	
2167-01-01 330.743 200.08 278.512318029	
4040-12-31 330.119 204.498 279.181991563	
2065-12-17 327.407 203.323 279.241747781	
2095-12-10 323.827 192.736 277.73797834	
2140-11-29 331.76 200.198 278.051686097	
2060-12-18 327.877 197.187 280.859394973	
2026-12-27 335.506 199.091 278.828670834	
2105-12-08 321.491 199.106 276.931508559	
2125-12-03 324.136 202.038 277.685933015	
2007-01-01 325.535 198.505 278.497031655	
2035-12-25 325.831 201.469 280.56358674	
2085-12-12 328.526 205.447 282.731220308	
2026-12-27 325.263 199.206 278.786350038	
2246-01-02 326.093 201.809 279.763451741	
2085-12-12 325.938 201.279 279.840841403	
2181-11-19 328.343 201.766 278.895446889	
2246-01-02 328.061 200.2 280.349210271	
2045-12-22 324.05 201.621 278.620102635	
2206-01-02 325.607 200.993 279.802197043	
2186-01-01 326.158 205.752 279.067401184	
2036-12-24 326.54 199.73 279.286146734	
2045-12-22 325.863 199.066 279.870130425	
2025-12-27 323.65 203.485 278.584790482	
2155-11-26 325.933 197.04 278.185048374	
2195-11-16 324.063 201.171 278.771000416	
2090-12-11 333.441 200.464 283.749602045	
2065-12-17 333.006 199.928 281.398744591	
4091-01-01 331.475 204.79 282.419855563	
2035-12-25 327.542 200.458 278.583748394	
2162-01-01 325.075 203.842 279.086918288	
2217-01-02 326.488 202.694 280.127326223	
2202-01-02 331.109 201.02 280.613349266	
2025-12-27 326.37 206.951 280.573866514	
2096-12-09 329.276 197.791 282.151080625	
2026-12-27 332.331 197.5 278.935825791	
2146-01-01 330.153 197.712 278.596730703	
2040-12-23 327.873 204.553 278.86253734	
2246-01-02 332.198 201.807 281.9982852	
2156-01-01 327.173 201.695 278.4730658	
2236-01-02 329.195 202.25 280.222560988	
2246-01-02 329.048 204.48 280.27491175	
