2126-01-01 325.279 200.298 277.805449066	
2085-12-12 327.983 204.363 281.324688609	
2025-12-27 325.383 198.754 278.56994032	
2025-12-27 325.474 203.832 279.907105794	
2085-12-12 329.327 200.256 280.854999265	
2056-12-19 332.135 201.898 280.341958594	
2235-11-07 329.902 193.715 281.326892736	
2145-11-28 328.988 193.135 277.535191444	
2236-01-02 330.416 205.331 281.721266375	
2035-12-25 323.337 206.564 279.774997074	
2242-01-02 329.327 204.668 282.192494748	
2145-11-28 323.131 199.395 277.806386774	
2186-01-01 324.488 203.707 279.220438289	
2085-12-12 326.13 199.928 279.600749357	
2125-12-03 323.537 197.775 277.676004532	
2115-12-06 326.338 202.189 277.024203009	
4091-01-01 331.387 202.097 282.556212952	
2025-12-27 331.431 201.774 280.081969334	
2196-01-01 333.324 205.186 279.578575007	
2075-12-15 327.366 204.887 280.428906158	
2162-01-01 327.157 195.877 277.934127886	
2245-11-04 333.375 199.85 280.006555238	
2231-11-08 330.057 208.405 283.506821491	
2182-01-01 325.855 205.004 278.691694676	
2060-12-18 325.158 201.853 278.884588732	
2241-11-05 331.538 202.92 280.310156767	
2126-01-01 333.104 198.979 277.776786347	
2015-12-30 326.303 202.008 278.209136956	
2115-12-06 324.516 195.38 277.494203518	
4051-01-01 327.998 202.666 279.774080618	
2176-01-01 325.996 197.494 279.025528651	
2136-01-01 323.048 203.349 278.145197732	
2085-12-12 327.067 204.16 280.569537019	
2056-12-19 330.594 197.199 279.696279625	
2231-11-08 328.842 208.142 282.759461934	
2015-12-30 325.944 201.68 279.862497268	
2211-11-13 327.617 203.279 280.525655498	
2115-12-06 321.924 201.598 277.437098775	
2185-11-18 327.742 200.923 279.049056073	
2080-12-13 325.442 193.375 279.037620605	
2226-01-02 335.598 203.995 281.296598964	
2136-01-01 324.165 198.449 278.166450841	
2126-01-01 329.914 199.51 277.938669745	
2130-12-02 323.347 196.633 277.349437416	
2216-01-02 326.976 197.074 279.848581335	
2116-01-01 322.144 203.979 277.93407382	
2035-12-25 329.17 198.783 278.014158366	
2105-12-08 323.255 199.434 276.99463257	
2080-12-13 328.018 201.304 280.419935963	
2025-12-27 325.977 197.983 279.006807832	
2045-12-22 325.698 203.557 279.917906382	
2205-11-14 329.527 199.335 280.285442741	
2155-11-26 335.195 198.064 278.601303719	
2161-11-24 324.731 199.758 278.264515318	
2006-01-01 323.285 204.01 279.067668689	
2086-12-12 331.493 200.474 279.841772244	
2040-12-23 327.148 197.652 278.713924452	
2075-12-15 327.89 199.695 280.093954128	
2115-12-06 322.248 195.503 276.60302991	
2145-11-28 324.079 204.195 277.518587838	
2226-01-02 330.418 202.23 281.497524178	
2106-01-01 327.993 200.075 277.5729608	
2065-12-17 330.97 203.758 281.029222346	
2186-01-01 326.555 204.942 279.178813072	
