2085-12-12 332.421 203.266 281.552484894	
2055-12-20 326.338 202.361 281.313055538	
2025-12-27 324.156 189.962 278.457923849	
2111-01-01 323.672 200.559 277.668781841	
2025-12-27 325.876 204.029 279.013388662	
2202-01-02 324.822 203.775 279.432446021	
2090-12-11 328.669 208.022 281.011187556	
2212-01-02 326.519 193.884 279.037366733	
2115-12-06 327.561 192.069 276.802857668	
2016-12-29 324.633 199.446 278.467266389	
2035-12-25 326.368 200.609 279.024710287	
2167-01-01 324.894 200.831 278.624004374	
2105-12-08 325.949 203.31 277.37034599	
2222-01-02 334.957 202.936 281.008985457	
2162-01-01 334.786 202.725 278.102770165	
2252-01-02 336.986 207.575 284.414394546	
2177-01-01 331.163 202.047 278.728663805	
2075-12-15 334.653 204.604 280.462755902	
2070-12-16 334.092 198.509 279.921809597	
2006-01-01 323.987 198.637 278.200712584	
2171-11-22 325.672 200.402 278.584735979	
2146-01-01 324.702 201.894 278.183722097	
2206-01-02 327.835 199.01 279.712893581	
2016-12-29 331.397 199.444 278.48895715	
2066-12-17 334.936 201.84 279.567433907	
2187-01-01 328.445 201.996 279.349921837	
2216-01-02 327.958 201.022 280.314515613	
2232-01-02 332.088 203.032 282.816011792	
2146-01-01 328.559 195.152 277.814109957	
2065-12-17 332.89 204.628 280.045727434	
2046-12-22 325.991 200.686 279.656123576	
2086-12-12 327.28 200.332 279.69794648	
2070-12-16 330.892 203.694 279.059759071	
2185-11-18 328.348 196.084 279.303250867	
2006-01-01 325.644 201.422 278.013324875	
2225-11-09 326.875 203.328 279.558912338	
2125-12-03 323.497 202.482 277.112459728	
2085-12-12 324.202 199.959 279.069946683	
2040-12-23 327.176 198.523 279.978053548	
2025-12-27 325.188 197.426 278.579400263	
2221-11-10 336.417 206.069 280.739855382	
2125-12-03 322.913 199.508 277.079750406	
2015-12-30 324.52 202.914 278.206414423	
2196-01-01 325.32 195.97 279.449042415	
2146-01-01 334.71 197.862 278.116732349	
2105-12-08 327.407 201.948 277.652039986	
2105-12-08 324.588 200.961 277.540677472	
2095-12-10 324.698 191.172 279.110338518	
2245-11-04 334.782 194.82 282.337389284	
2241-11-05 330.26 198.474 282.594764732	
2006-01-01 324.503 202.395 278.286055451	
2085-12-12 332.853 204.516 281.912309075	
2055-12-20 325.464 198.056 278.822539977	
2186-01-01 327.098 201.181 279.094676997	
4040-12-31 325.783 204.409 278.811720868	
2056-12-19 328.287 202.546 280.55360587	
2055-12-20 335.931 205.459 279.666124705	
2035-12-25 325.393 207.392 280.527041366	
2016-12-29 326.674 203.347 278.601653858	
2182-01-01 330.622 201.691 278.855106347	
2055-12-20 328.414 201.272 281.216979538	
2211-11-13 329.007 196.089 280.45534158	
3964-12-31 322.747 201.906 277.096883659	
2086-12-12 331.955 209.486 282.064101107	
2177-01-01 329.355 197.321 278.656532586	
