2252-01-02 330.872 200.665 279.649698829	
2015-12-30 324.551 200.14 278.232867627	
2015-12-30 323.502 202.602 279.86251947	
3975-01-01 328.219 195.494 277.212899291	
2172-01-01 328.715 202.888 279.756480159	
2065-12-17 326.193 203.787 280.741717684	
2045-12-22 334.451 202.367 278.619058421	
2066-12-17 328.564 204.125 280.725291923	
2105-12-08 323.749 197.971 277.550418833	
2116-01-01 325.78 197.467 277.671881766	
2145-11-28 322.704 198.329 278.205255592	
2025-12-27 327.084 197.453 278.743033459	
2016-12-29 326.677 195.647 278.596891415	
2075-12-15 325.888 204.739 280.400498511	
2086-12-12 329.572 207.871 282.180456236	
2105-12-08 321.517 199.778 277.044876339	
2015-12-30 326.322 201.83 279.169467316	
2186-01-01 331.573 197.087 278.888798548	
2006-01-01 324.147 203.704 279.153614705	
2222-01-02 331.444 205.652 282.092625684	
2115-12-06 323.745 198.04 277.484510357	
2205-11-14 330.245 194.707 280.155061739	
2226-01-02 328.128 204.55 281.161433556	
2252-01-02 333.837 203.772 281.668806769	
2232-01-02 337.176 207.846 283.20684303	
2130-12-02 325.103 204.421 277.87198793	
2050-12-21 330.571 200.673 280.833979871	
2085-12-12 327.542 200.77 280.109919406	
2095-12-10 332.405 196.766 279.761979684	
2211-11-13 329.494 202.134 280.453184171	
2016-12-29 328.238 191.476 278.613278547	
2115-12-06 322.317 202.517 277.472855865	
2125-12-03 322.595 195.7 277.189481412	
2045-12-22 328.062 201.195 280.017896028	
2196-01-01 326.417 197.849 279.282481643	
2010-12-31 327.188 201.175 278.319045622	
2095-12-10 332.64 204.029 283.133615813	
2065-12-17 327.648 203.522 280.549298024	
2241-11-05 335.066 207.695 284.091369853	
2055-12-20 327.651 206.722 280.77170409	
2192-01-01 334.328 204.799 280.572489957	
2116-01-01 323.362 200.486 277.544596937	
2075-12-15 327.793 202.348 281.05670506	
2015-12-30 325.145 200.725 278.887118992	
2196-01-01 325.025 199.307 279.418244303	
2070-12-16 327.525 204.707 280.814606603	
2045-12-22 326.658 208.922 280.277817902	
2105-12-08 323.067 189.34 277.42910058	
3984-12-31 325.404 200.776 277.143935143	
2030-12-26 326.571 201.875 280.021265788	
2025-12-27 325.252 201.786 278.660500492	
2216-01-02 326.002 203.509 279.725187949	
2222-01-02 331.66 199.988 280.559700177	
2095-12-10 336.259 204.08 282.982646385	
2016-12-29 324.692 205.925 278.378187066	
2226-01-02 328.0 202.144 279.776748424	
4080-12-31 330.048 205.293 281.779696698	
2241-11-05 329.959 207.714 283.720165657	
2206-01-02 326.566 202.14 279.920392231	
2007-01-01 328.193 197.219 278.141926622	
2020-12-28 325.234 202.563 279.328600296	
2156-01-01 333.217 203.154 278.478010282	
2212-01-02 337.567 208.269 281.636457674	
2085-12-12 328.727 205.234 283.474183763	
