2030-12-26 324.354 202.87 278.357641001	
2015-12-30 325.063 198.667 278.596480114	
2015-12-30 323.792 203.0 279.459032787	
2050-12-21 334.53 199.3 278.821220911	
2035-12-25 324.628 198.986 280.107790883	
2095-12-10 329.393 201.134 281.519859246	
2006-01-01 323.08 199.93 278.17338039	
2225-11-09 329.065 202.213 279.91577451	
2065-12-17 327.837 204.53 281.405260478	
2176-01-01 326.638 201.764 279.10073095	
2221-11-10 334.919 209.437 282.359594264	
2076-12-14 329.832 199.951 279.615707757	
2236-01-02 325.563 199.472 279.874981648	
2085-12-12 329.213 208.427 283.708975579	
2182-01-01 326.095 200.888 278.761040149	
2196-01-01 327.244 201.372 279.922373525	
2162-01-01 324.465 200.161 278.552110673	
2135-12-01 323.877 195.376 277.338221151	
2075-12-15 324.186 204.254 279.026192193	
2095-12-10 332.009 203.305 281.523536884	
2065-12-17 326.507 205.661 281.017961635	
2055-12-20 328.681 208.963 281.999779969	
2006-01-01 325.282 203.568 279.477150056	
2055-12-20 325.57 204.507 279.602719277	
2252-01-02 329.545 203.854 282.822727967	
2020-12-28 324.176 202.26 278.212989963	
2211-11-13 328.04 196.945 280.009814628	
2226-01-02 325.261 195.936 279.950375812	
2155-11-26 327.747 196.459 278.046330897	
2136-01-01 329.322 204.547 277.79780341	
2206-01-02 325.919 202.473 280.069561646	
2121-01-01 322.506 196.323 277.268379069	
2075-12-15 326.805 199.613 279.306715617	
2222-01-02 331.959 202.87 281.257124234	
2026-12-27 330.31 205.199 278.959118464	
2095-12-10 327.987 204.886 281.800499913	
2241-11-05 326.782 206.271 281.249733906	
2006-01-01 330.337 200.81 279.349574286	
2065-12-17 330.341 201.524 279.918793928	
2202-01-02 331.771 197.364 281.013077077	
4031-01-01 325.341 197.982 279.001880208	
2055-12-20 325.271 198.954 279.05910811	
2006-01-01 323.647 201.119 277.955541939	
2006-01-01 323.695 203.959 278.722994114	
2006-01-01 323.385 198.303 277.895556811	
2182-01-01 328.929 201.247 280.147178181	
2125-12-03 323.937 193.921 277.83178169	
2222-01-02 333.303 200.252 280.87185078	
2162-01-01 323.615 200.519 277.723649008	
2145-11-28 328.866 205.705 278.884697592	
4071-01-01 328.874 206.616 280.804651533	
2172-01-01 329.523 200.552 279.270400043	
2141-01-01 326.795 201.914 277.802074306	
2130-12-02 328.88 202.293 277.586930693	
2207-01-02 325.409 206.504 279.905870667	
2171-11-22 326.725 200.066 279.775263504	
2232-01-02 326.796 201.103 279.29359616	
2232-01-02 330.778 203.322 280.90582682	
2135-12-01 325.226 202.944 277.354608283	
2136-01-01 324.615 199.902 277.66820268	
2095-12-10 328.885 202.853 281.052804033	
2202-01-02 329.217 198.604 279.632475449	
2015-12-30 324.086 199.79 278.623517799	
2221-11-10 327.25 202.55 280.052148274	
2015-12-30 324.134 201.227 278.394097954	
