2126-01-01 324.881 194.697 277.977080132	
2191-11-17 326.001 201.726 280.680394281	
2156-01-01 327.813 199.002 277.833957456	
2135-12-01 324.239 201.668 277.701121088	
2120-12-04 325.617 200.162 277.270721374	
2172-01-01 331.284 197.339 278.626653149	
2206-01-02 328.447 205.787 280.167855837	
2136-01-01 323.856 204.44 277.783885322	
2015-12-30 333.791 201.367 278.330887353	
2232-01-02 329.592 200.62 280.214757674	
2055-12-20 330.794 202.647 281.008808785	
2186-01-01 332.971 197.939 279.206355929	
2030-12-26 323.879 200.684 278.630050796	
2212-01-02 337.336 208.885 281.620915899	
2115-12-06 321.743 201.704 277.181818209	
2222-01-02 334.29 202.152 280.632806769	
2145-11-28 324.254 200.41 277.696486714	
2246-01-02 327.176 199.821 280.154206924	
2156-01-01 331.119 195.819 277.915289131	
2161-11-24 322.871 205.128 279.101616366	
2045-12-22 323.8 204.963 278.77539642	
2145-11-28 323.0 198.899 277.525276905	
2056-12-19 329.093 202.593 279.531845473	
2195-11-16 329.49 204.681 278.748978373	
2030-12-26 326.006 203.077 278.849236845	
2125-12-03 324.794 198.816 277.298324871	
2085-12-12 328.852 204.23 280.566763841	
2085-12-12 336.203 202.345 283.241545593	
2025-12-27 324.321 205.605 279.508300214	
2202-01-02 332.909 208.79 280.529772278	
2155-11-26 329.157 200.665 277.930041224	
2105-12-08 323.482 199.094 277.75459338	
2065-12-17 326.358 203.82 279.510739194	
2196-01-01 325.843 200.651 279.307159759	
2075-12-15 327.177 204.25 281.881223314	
2007-01-01 325.776 202.576 278.141472025	
2055-12-20 328.226 202.934 279.769967599	
2146-01-01 323.765 195.336 278.509804871	
2116-01-01 322.91 198.43 277.595532379	
2056-12-19 336.044 206.052 280.467275775	
2055-12-20 327.6 204.136 278.794755119	
2145-11-28 325.029 202.763 277.960934364	
2096-12-09 332.19 207.349 282.561061984	
2192-01-01 332.307 199.191 278.449563197	
2075-12-15 329.704 209.25 281.91345639	
2015-12-30 326.137 204.946 279.158093643	
2046-12-22 327.112 205.512 279.862358984	
2015-12-30 327.554 202.536 279.262540346	
2192-01-01 330.987 203.31 280.326996519	
2045-12-22 326.038 204.68 281.525444995	
2115-12-06 323.73 197.722 277.155386653	
2212-01-02 328.946 205.314 281.207038429	
2086-12-12 334.156 200.602 281.910620572	
2226-01-02 326.768 202.185 279.813006102	
2030-12-26 324.519 204.384 278.541192175	
2026-12-27 328.186 200.255 279.083050207	
2065-12-17 326.533 202.752 279.252809636	
4101-01-01 327.095 201.517 280.216035284	
2076-12-14 330.034 209.024 281.694016027	
2226-01-02 326.987 205.138 280.746327609	
2206-01-02 326.581 200.122 279.572366953	
2106-01-01 325.101 206.066 277.913447664	
2030-12-26 326.717 200.089 279.311087737	
2025-12-27 323.937 202.484 278.011893708	
2201-11-15 326.933 201.599 280.045918206	
