2186-01-01 327.4 205.071 279.075260317	
2136-01-01 323.337 197.225 278.096711119	
2191-11-17 325.707 200.827 279.579763783	
2065-12-17 331.998 195.759 279.132748526	
2222-01-02 333.98 203.835 281.221470078	
2055-12-20 331.502 202.933 280.393479563	
2212-01-02 332.821 207.541 281.870672224	
4071-01-01 329.486 204.288 279.714268669	
2106-01-01 323.937 197.922 277.211303058	
2166-01-01 329.661 193.847 278.747025963	
2185-11-18 326.898 197.087 279.116260518	
2212-01-02 333.816 197.753 281.391030843	
2096-12-09 329.425 204.006 279.733318439	
2045-12-22 324.757 204.736 279.394189237	
2025-12-27 326.663 207.539 279.464826115	
2172-01-01 325.048 200.024 279.013139261	
2232-01-02 334.885 204.238 281.393141762	
2090-12-11 328.675 198.357 280.94925645	
2186-01-01 324.35 197.482 279.078870675	
2045-12-22 323.697 195.836 278.851249141	
2036-12-24 325.024 201.01 279.35870904	
2155-11-26 325.253 197.234 277.855379114	
2252-01-02 338.074 210.492 284.623675648	
2015-12-30 329.602 199.692 278.372039186	
4071-01-01 332.344 202.862 280.862426406	
2006-01-01 323.096 198.365 279.325173699	
2106-01-01 323.034 195.496 278.079167391	
2196-01-01 324.777 196.487 279.453753492	
2115-12-06 320.763 195.171 277.025242087	
2242-01-02 332.056 206.617 281.403902713	
2055-12-20 324.979 199.451 279.695695143	
2205-11-14 325.458 198.734 278.698235734	
2135-12-01 322.365 199.711 277.707573148	
2182-01-01 329.533 205.196 279.850485696	
2060-12-18 323.983 200.715 278.954857137	
2055-12-20 334.792 201.934 280.672557858	
2226-01-02 325.317 199.006 279.521755901	
2202-01-02 335.209 205.812 281.313810424	
2231-11-08 329.836 205.831 281.823601123	
2227-01-02 328.355 196.762 280.113381848	
2085-12-12 332.247 200.955 282.265487483	
2211-11-13 328.077 198.679 281.818096619	
2006-01-01 324.347 202.935 278.013351939	
2201-11-15 326.662 205.765 280.581637401	
2145-11-28 322.828 199.197 277.447952156	
2075-12-15 325.101 200.265 279.180345338	
2166-01-01 324.409 199.995 278.702821095	
2096-12-09 330.678 200.214 282.241956687	
2045-12-22 328.197 202.843 279.15777726	
2085-12-12 326.144 207.956 280.116088934	
2055-12-20 326.857 208.574 280.944804279	
2045-12-22 324.847 198.385 278.297063077	
2115-12-06 323.514 195.231 277.623735937	
2207-01-02 332.988 199.81 279.349292168	
2205-11-14 325.43 201.249 279.224159772	
2237-01-02 327.19 202.464 280.244550916	
2145-11-28 333.342 197.043 277.57145095	
2231-11-08 330.591 199.818 281.402091856	
2025-12-27 324.71 201.45 278.221351175	
2090-12-11 332.571 202.291 281.191914688	
2125-12-03 321.953 201.226 277.425466724	
2090-12-11 325.717 202.037 279.16226648	
2065-12-17 325.993 202.337 278.943169129	
2030-12-26 326.011 198.364 279.648116936	
