2094-12-10 321.806 203.293 277.387684501	
2035-12-25 323.422 198.56 278.50223749	
2075-12-15 333.057 208.396 282.821473616	
2126-01-01 326.418 200.607 277.474742687	
2065-12-17 329.731 198.654 278.844904933	
2216-01-02 326.143 200.658 279.969748463	
2172-01-01 333.647 197.316 279.457742754	
2162-01-01 326.434 200.941 278.887151151	
2015-12-30 324.234 204.907 278.07399871	
2036-12-24 334.571 203.293 279.55468355	
2176-01-01 323.014 204.386 279.130208201	
2066-12-17 329.167 199.945 280.962093553	
2145-11-28 326.224 205.035 277.495121985	
2115-12-06 323.405 195.205 276.948025576	
4011-01-01 334.302 197.224 278.011955236	
2115-12-06 321.196 203.553 277.018314898	
4011-01-01 329.533 201.391 277.988330164	
2245-11-04 330.232 196.255 282.163183103	
2125-12-03 324.415 198.26 277.529053511	
2197-01-01 331.544 196.121 279.38166335	
2246-01-02 325.917 197.238 280.023045268	
2181-11-19 330.419 196.529 280.294469804	
2006-01-01 320.472 200.052 277.561759497	
4020-12-31 324.281 202.147 278.4919445	
2186-01-01 324.853 202.282 279.385266767	
2155-11-26 334.109 200.368 278.043473946	
2046-12-22 332.928 202.927 279.435211185	
2035-12-25 330.458 198.066 279.466037176	
2215-11-12 327.606 198.288 280.212896965	
2086-12-12 327.117 200.268 279.679264717	
2016-12-29 324.249 201.349 278.486078037	
2151-01-01 330.965 202.056 277.883893785	
2055-12-20 326.203 204.659 279.382257961	
2007-01-01 327.474 202.312 278.422391192	
2056-12-19 332.168 203.733 280.071473506	
2066-12-17 329.614 199.88 279.573192133	
2141-01-01 324.249 197.334 277.848285571	
2105-12-08 327.852 193.788 277.015695554	
2191-11-17 325.328 200.199 280.383879415	
2015-12-30 326.593 205.153 279.085153835	
2182-01-01 331.175 203.763 279.36740391	
2045-12-22 325.964 203.375 281.404263555	
2115-12-06 322.932 201.149 277.487411462	
2145-11-28 334.223 202.192 278.087028648	
2192-01-01 329.542 201.918 280.392582809	
2162-01-01 326.698 203.838 279.029408213	
2116-01-01 329.518 202.011 277.453139451	
2045-12-22 326.373 209.196 280.644803616	
2126-01-01 330.778 194.217 277.861756969	
2010-12-31 325.888 203.457 278.13355706	
2171-11-22 324.621 206.274 279.618380387	
2252-01-02 338.468 207.301 284.603826581	
2065-12-17 327.426 201.179 282.261414651	
2016-12-29 333.35 201.42 278.592107325	
2070-12-16 325.957 198.347 278.912604666	
2181-11-19 325.473 198.341 279.938385535	
2115-12-06 325.068 189.257 276.908540598	
2045-12-22 325.818 204.044 279.980614758	
2036-12-24 327.933 201.137 279.156023815	
2075-12-15 327.987 208.321 280.87216998	
2025-12-27 327.918 203.155 279.904393453	
2126-01-01 330.821 197.044 277.586953433	
2206-01-02 326.755 195.646 280.000766719	
2046-12-22 331.786 199.523 279.830840274	
2222-01-02 328.727 204.056 280.206292746	
