2145-11-28 323.713 191.627 277.512721374	
4080-12-31 326.638 198.065 280.015255037	
2116-01-01 324.544 201.599 277.423669673	
2236-01-02 324.932 198.421 280.154294981	
2035-12-25 324.834 205.8 279.913052441	
2035-12-25 324.765 201.081 278.974862299	
3975-01-01 323.153 196.054 277.443709253	
2222-01-02 328.927 203.648 280.631911765	
2212-01-02 334.156 202.711 280.840385753	
2212-01-02 327.558 200.954 279.791172653	
4011-01-01 326.162 198.738 278.182277499	
2115-12-06 323.387 195.024 277.70325833	
2015-12-30 323.436 197.278 279.266137156	
2135-12-01 324.317 196.008 277.722545397	
2115-12-06 323.667 203.369 277.31626237	
2246-01-02 325.721 196.146 280.002615927	
2040-12-23 324.789 196.483 278.954508842	
2086-12-12 329.414 204.376 281.9108154	
2125-12-03 323.702 199.781 277.753959649	
2232-01-02 327.1 208.969 280.351071056	
2211-11-13 325.826 195.21 280.606015786	
2145-11-28 329.442 195.123 277.846806718	
4051-01-01 331.926 202.006 279.893076739	
2025-12-27 326.374 201.046 278.100481825	
2155-11-26 331.524 202.081 278.073888636	
2251-11-03 327.775 204.602 280.453448344	
2007-01-01 327.99 196.344 278.257350911	
2015-12-30 326.19 199.285 279.529881079	
2126-01-01 326.002 199.615 277.62805722	
2196-01-01 325.166 208.858 279.701170023	
2085-12-12 328.208 206.609 282.317609269	
2211-11-13 328.821 204.403 282.006107692	
2006-01-01 323.325 206.314 278.899018227	
2085-12-12 329.149 210.671 282.547227894	
2195-11-16 327.529 192.308 279.21877466	
2120-12-04 324.387 195.625 277.373317355	
2045-12-22 327.633 202.818 279.905156025	
2095-12-10 328.805 199.693 280.900364616	
2125-12-03 328.348 204.198 277.691788966	
2055-12-20 327.946 200.537 280.685525528	
2095-12-10 328.018 205.414 281.800586503	
2036-12-24 324.931 205.377 279.044257948	
4051-01-01 330.147 206.359 280.258247843	
2205-11-14 327.406 202.926 279.823855466	
2236-01-02 331.24 200.424 281.749126487	
2205-11-14 326.13 202.247 279.0480491	
2075-12-15 328.308 203.266 280.839893608	
2056-12-19 326.224 197.082 280.182676539	
2115-12-06 325.403 192.978 277.130925016	
2085-12-12 327.848 194.487 279.204838851	
2055-12-20 324.791 203.82 279.517940417	
2075-12-15 331.161 196.938 281.448988359	
2045-12-22 325.382 201.971 279.28993504	
2030-12-26 326.646 205.917 279.676925096	
2115-12-06 323.491 199.172 276.991320508	
2035-12-25 324.717 198.796 280.123599088	
2015-12-30 324.131 200.664 278.677982823	
2146-01-01 326.959 194.081 277.714876996	
2245-11-04 331.308 203.704 279.544048554	
2192-01-01 326.138 198.924 278.647492518	
2116-01-01 323.191 204.163 278.077924049	
2095-12-10 324.213 202.004 279.039209698	
4004-12-31 326.531 199.219 277.828449666	
2246-01-02 329.245 207.92 282.671308719	
