2212-01-02 334.994 204.671 282.048314713	
2192-01-01 328.337 199.686 278.662622485	
2126-01-01 323.585 192.351 277.651260373	
2165-11-23 325.614 199.531 278.500081128	
2182-01-01 332.317 205.036 280.246534529	
2035-12-25 325.349 205.834 280.181259074	
2016-12-29 328.632 201.326 278.583664814	
2202-01-02 332.424 205.892 280.499976475	
2126-01-01 331.821 190.721 277.370908063	
2236-01-02 324.535 206.501 279.585954234	
2094-12-10 328.742 199.611 277.560830378	
2175-11-21 328.357 199.987 278.635540772	
2195-11-16 331.593 199.31 279.559218808	
4071-01-01 336.463 187.302 280.735487879	
2186-01-01 325.707 205.974 279.405079706	
4031-01-01 328.306 196.036 278.833498219	
2226-01-02 325.521 194.517 279.847436587	
2026-12-27 327.423 198.497 279.189404208	
2162-01-01 326.628 198.748 278.583275966	
2085-12-12 329.276 204.7 281.163987712	
2192-01-01 328.951 199.398 280.409145901	
2232-01-02 327.726 200.846 280.677316874	
2055-12-20 326.34 204.133 279.618435337	
2026-12-27 331.549 199.77 278.684650243	
2045-12-22 324.509 198.447 278.606988274	
2181-11-19 325.024 201.007 278.658175939	
2085-12-12 326.842 207.474 280.427129955	
2231-11-08 332.368 200.434 280.086512716	
2145-11-28 325.176 195.558 278.011393168	
2035-12-25 326.777 209.298 279.798065509	
2095-12-10 330.074 208.823 283.004866562	
2245-11-04 332.223 192.219 281.692029592	
2040-12-23 327.141 203.448 279.04654565	
2235-11-07 328.894 202.723 281.124228647	
2015-12-30 325.765 198.57 278.752255279	
2006-01-01 323.176 199.42 277.816021366	
2056-12-19 327.294 201.399 278.952970584	
2191-11-17 326.263 204.433 279.629340159	
2216-01-02 325.396 204.344 279.761360375	
2055-12-20 325.407 206.71 279.201288667	
2126-01-01 324.751 202.788 277.9841957	
2162-01-01 327.029 199.162 278.888605238	
2226-01-02 327.052 195.61 279.602372548	
2055-12-20 325.436 202.686 279.730533022	
2171-11-22 324.008 199.235 278.691043404	
2040-12-23 326.05 203.497 279.319477887	
2115-12-06 324.605 203.535 277.442736792	
2116-01-01 326.467 197.534 277.576518989	
2025-12-27 325.675 202.545 279.467691776	
2095-12-10 331.353 201.747 279.140746844	
2066-12-17 334.856 209.433 280.910399405	
2236-01-02 329.572 203.37 280.173865762	
2105-12-08 321.703 203.1 277.138847989	
2202-01-02 332.522 203.533 280.734346443	
2080-12-13 325.928 202.848 278.809944878	
2125-12-03 324.449 195.774 277.266584032	
2182-01-01 324.954 197.08 278.432470793	
2171-11-22 324.841 198.094 278.784142202	
2045-12-22 326.444 201.053 280.046134441	
2125-12-03 326.835 202.228 277.311175386	
4080-12-31 331.519 198.547 280.237552866	
2116-01-01 322.352 195.141 277.560782037	
2185-11-18 327.944 195.654 278.73288871	
2105-12-08 321.61 199.122 276.815348256	
