2056-12-19 327.545 196.462 279.4607119	
2080-12-13 329.39 204.018 280.381166437	
2065-12-17 327.922 203.59 281.474889821	
2070-12-16 328.693 198.649 279.994233074	
2056-12-19 327.747 203.609 279.362995238	
2211-11-13 328.321 203.834 279.999313771	
2135-12-01 321.662 206.73 278.588293739	
4051-01-01 327.143 198.638 279.838871484	
2007-01-01 331.741 201.745 278.389811755	
2146-01-01 325.7 200.603 277.631529026	
2085-12-12 329.717 208.705 282.336880826	
2055-12-20 330.87 203.882 280.585629894	
2135-12-01 323.098 199.214 277.618833196	
2161-11-24 325.234 198.854 278.228059051	
2225-11-09 328.069 190.02 280.967578806	
2106-01-01 330.855 195.854 277.476431284	
2145-11-28 327.491 204.763 278.004616745	
2076-12-14 326.262 202.184 279.735266711	
2065-12-17 327.621 205.218 279.923942901	
2135-12-01 326.001 194.47 277.736506512	
2115-12-06 323.228 194.211 276.847148384	
2145-11-28 325.997 199.203 277.441263089	
2036-12-24 327.924 199.183 278.872247183	
2236-01-02 327.886 207.841 281.829743134	
2086-12-12 326.8 201.448 279.683485973	
2006-01-01 334.675 205.46 279.047642002	
2212-01-02 329.67 197.828 278.931010164	
2171-11-22 324.486 199.235 278.748104668	
2100-12-09 323.233 198.456 277.401420363	
2035-12-25 326.872 201.941 278.984316115	
2145-11-28 325.562 203.822 277.620417518	
2086-12-12 336.067 205.523 281.960777751	
2115-12-06 324.98 196.733 277.35120963	
2045-12-22 323.591 201.084 278.462205538	
2162-01-01 325.492 203.465 278.841757888	
2065-12-17 327.689 203.384 282.7232718	
2145-11-28 324.149 202.957 277.748387802	
2202-01-02 328.418 203.815 280.655705061	
2020-12-28 326.932 203.854 278.236282154	
2145-11-28 332.303 198.448 277.648472634	
2075-12-15 329.911 198.956 280.461511627	
2172-01-01 324.656 198.175 278.586368111	
2085-12-12 329.389 203.145 280.555204819	
2006-01-01 324.796 202.265 278.16355392	
2221-11-10 328.069 201.086 281.875423566	
2106-01-01 324.209 201.158 277.680788267	
2176-01-01 326.902 201.685 278.902975806	
2096-12-09 327.038 203.413 279.693941699	
2252-01-02 329.017 203.792 282.719260915	
2202-01-02 330.338 195.745 280.51867101	
2191-11-17 326.561 205.169 280.38216982	
2155-11-26 325.745 189.251 278.040443301	
2065-12-17 332.062 202.242 279.89940991	
2026-12-27 325.608 201.478 278.851292436	
2196-01-01 330.585 206.611 279.444969756	
2136-01-01 323.256 203.214 277.959628938	
2085-12-12 328.847 202.375 281.275274469	
2056-12-19 327.868 201.949 279.460971669	
2215-11-12 331.899 196.84 280.526590679	
2035-12-25 325.527 199.589 278.943921943	
2136-01-01 322.416 195.517 278.163625837	
2105-12-08 323.683 198.102 277.533256525	
2115-12-06 326.315 196.872 277.127818892	
2035-12-25 325.805 204.409 279.069672073	
