2046-12-22 332.152 203.113 279.426140897	
2191-11-17 325.964 195.57 279.12934964	
2076-12-14 335.704 208.076 281.703411028	
2106-01-01 324.656 194.08 277.470014296	
2172-01-01 324.433 205.064 279.203792436	
2212-01-02 333.951 197.49 281.539388187	
2211-11-13 325.825 196.481 280.941074253	
2222-01-02 328.245 199.694 281.979065004	
2155-11-26 325.693 200.904 278.392902703	
2212-01-02 331.541 196.873 278.902784777	
2156-01-01 323.884 196.731 278.100203733	
2182-01-01 326.116 199.29 278.742673852	
2065-12-17 328.564 193.067 279.66320097	
2040-12-23 326.163 201.812 280.443821947	
2136-01-01 323.889 201.971 278.245975042	
2076-12-14 328.974 205.5 279.656491582	
2015-12-30 324.957 199.505 278.341234842	
2235-11-07 329.339 192.066 281.376234371	
2161-11-24 332.0 201.496 278.385571915	
2171-11-22 326.006 199.938 278.670283847	
2155-11-26 324.778 198.818 278.372979692	
4020-12-31 323.574 198.695 278.746800118	
2086-12-12 326.607 204.601 279.5961168	
2036-12-24 327.401 202.016 279.435146242	
2065-12-17 324.178 205.638 280.263364051	
2075-12-15 336.816 204.057 280.465244451	
2060-12-18 328.624 204.544 279.736103351	
4091-01-01 331.788 202.789 282.152899012	
2246-01-02 336.16 208.364 282.815260727	
2025-12-27 327.067 199.791 278.501486608	
2115-12-06 329.839 193.057 278.020390245	
2225-11-09 327.625 201.869 279.821031566	
2006-01-01 324.209 201.776 279.118201661	
2206-01-02 327.328 200.895 279.922527625	
2232-01-02 328.925 200.814 280.218445327	
2196-01-01 325.956 203.996 279.187027306	
2166-01-01 323.034 203.633 278.912684146	
2046-12-22 327.266 202.397 279.263828196	
2172-01-01 330.153 205.538 279.266936448	
2075-12-15 326.888 201.641 280.105970286	
2006-01-01 323.061 196.868 278.163617383	
2125-12-03 328.649 199.052 277.55504217	
2182-01-01 331.854 203.113 278.441920894	
2201-11-15 327.108 204.702 281.196558832	
2105-12-08 324.311 191.387 277.496091147	
2080-12-13 324.79 196.67 279.093587169	
2172-01-01 327.017 204.332 279.125861535	
2201-11-15 327.31 202.278 281.413744037	
2025-12-27 324.192 203.744 278.445770455	
2086-12-12 336.899 202.021 282.187924612	
3964-12-31 322.177 200.179 276.968958675	
2145-11-28 323.361 198.003 277.802521153	
2211-11-13 327.679 203.743 280.036187851	
2010-12-31 328.647 203.502 279.013658813	
2006-01-01 327.402 202.39 278.22925096	
2231-11-08 325.535 203.646 281.283925811	
2182-01-01 330.48 197.561 278.809878298	
2085-12-12 328.882 195.884 280.577098192	
2085-12-12 325.832 200.166 280.630416373	
2007-01-01 324.736 195.081 278.474994534	
2065-12-17 332.826 202.337 282.026889266	
2172-01-01 326.907 197.475 278.19507629	
2232-01-02 328.845 202.546 279.333282764	
2167-01-01 327.121 197.549 278.500978647	
2146-01-01 326.723 198.921 277.744998141	
