2162-01-01 325.66 199.641 278.413826213	
2212-01-02 335.624 206.37 281.522647475	
2161-11-24 325.09 198.452 278.419958371	
2167-01-01 323.518 197.006 278.469215243	
2120-12-04 322.045 203.101 277.621020012	
2145-11-28 328.419 201.211 278.624594885	
2025-12-27 323.767 198.707 278.929201666	
2025-12-27 326.291 199.45 278.993213223	
2035-12-25 323.525 197.888 278.99059388	
2212-01-02 330.235 194.473 280.678224955	
2145-11-28 323.782 202.097 278.157859157	
2225-11-09 336.683 191.897 281.169542393	
2085-12-12 327.672 210.028 283.805290179	
2216-01-02 329.129 202.445 280.77690525	
2252-01-02 326.4 199.764 280.578865668	
4071-01-01 326.122 203.432 279.693833461	
2016-12-29 324.641 197.548 278.63990493	
2161-11-24 322.799 204.113 278.106946068	
2010-12-31 326.109 202.16 278.137257689	
2075-12-15 327.049 202.849 281.356084052	
2162-01-01 329.677 203.987 278.985452699	
2245-11-04 331.098 191.806 279.983394879	
2161-11-24 327.222 197.278 278.278846218	
2070-12-16 328.424 205.183 280.931612388	
2085-12-12 328.845 208.581 282.479443552	
2192-01-01 327.716 200.97 279.533239233	
4040-12-31 327.329 199.43 278.87441193	
2065-12-17 327.622 208.988 281.55324257	
2055-12-20 324.518 199.381 280.077884067	
2075-12-15 326.432 198.107 278.909470016	
2252-01-02 327.861 199.608 280.52004536	
2025-12-27 324.579 199.36 279.471590341	
2236-01-02 330.809 207.247 281.875158793	
2201-11-15 327.918 204.928 279.841558749	
2135-12-01 328.403 199.669 277.228013901	
2015-12-30 324.346 209.51 279.697710047	
2080-12-13 328.55 204.349 280.573925645	
2181-11-19 324.543 201.435 279.971289693	
2135-12-01 322.924 202.965 277.589953435	
2055-12-20 330.549 197.45 279.337822483	
2252-01-02 327.3 199.134 279.528698578	
2191-11-17 326.405 203.481 279.33130953	
2125-12-03 325.034 198.528 277.24485563	
2182-01-01 330.406 201.185 279.813895917	
2217-01-02 326.255 204.62 280.078575637	
2227-01-02 329.518 203.672 281.235197123	
3975-01-01 321.483 192.536 277.222320618	
2165-11-23 325.369 198.247 278.559733282	
2242-01-02 337.678 202.347 283.756822044	
2165-11-23 325.413 198.5 278.147006047	
2006-01-01 325.424 203.926 278.216956739	
4060-12-31 327.138 200.943 280.288587267	
4051-01-01 324.645 205.104 279.029948973	
2080-12-13 328.967 208.603 281.248458363	
2030-12-26 324.673 200.184 278.526367892	
2065-12-17 324.239 204.631 280.33550009	
2085-12-12 331.439 206.93 281.461846954	
2105-12-08 325.876 202.849 277.366644274	
2045-12-22 326.359 200.161 279.543621695	
2075-12-15 327.969 202.522 283.285884057	
2156-01-01 330.589 199.513 278.000685664	
2155-11-26 327.956 195.479 278.647799564	
2176-01-01 325.178 199.734 278.764690466	
2236-01-02 331.606 199.363 279.910837991	
2035-12-25 329.126 201.485 278.779899093	
