2126-01-01 324.578 197.437 277.914979639	
2206-01-02 326.217 200.414 279.501496318	
3964-12-31 326.358 201.993 277.174479718	
2075-12-15 328.675 210.697 283.295209122	
2025-12-27 326.174 203.569 279.917692771	
2016-12-29 325.434 199.707 278.366324255	
2076-12-14 327.184 202.649 279.661578737	
2085-12-12 328.487 201.493 281.206150328	
2075-12-15 327.793 205.896 281.772692433	
2085-12-12 331.442 204.952 282.365563718	
2225-11-09 326.05 201.925 279.769588424	
2161-11-24 331.533 204.041 279.331856662	
2026-12-27 329.068 202.62 279.148880152	
2232-01-02 334.497 203.639 281.338455239	
2221-11-10 338.119 196.254 280.842772592	
2060-12-18 328.621 203.155 281.664140842	
2202-01-02 333.932 206.62 280.569448209	
3975-01-01 334.205 196.49 277.123499935	
2171-11-22 327.462 207.345 279.922199886	
2065-12-17 331.767 203.395 280.436882733	
2045-12-22 325.216 191.818 279.359292296	
2095-12-10 329.105 205.688 281.2938285	
2045-12-22 324.773 199.908 278.862319655	
2236-01-02 326.138 205.122 280.173205331	
2136-01-01 326.215 199.892 277.762813956	
2075-12-15 323.938 198.773 279.265610895	
4071-01-01 329.448 203.094 279.803735184	
2126-01-01 328.148 198.519 277.576911918	
2026-12-27 330.229 202.588 278.79949005	
2212-01-02 334.79 197.897 278.976759786	
2015-12-30 325.902 197.142 278.199944241	
2105-12-08 324.11 197.861 277.013725635	
2232-01-02 328.316 203.986 280.275110331	
2116-01-01 324.762 198.687 277.648839415	
2226-01-02 327.02 198.527 279.824827822	
2172-01-01 326.868 195.387 278.307781377	
2217-01-02 326.386 198.932 279.950340187	
2055-12-20 327.361 203.025 280.727634857	
4060-12-31 328.966 199.349 280.338386762	
2222-01-02 332.825 204.097 280.930128403	
2202-01-02 329.219 202.085 281.357216381	
2025-12-27 323.566 202.109 279.162431465	
2145-11-28 325.205 207.064 278.800327956	
2212-01-02 335.057 207.568 281.87773263	
2045-12-22 331.655 200.047 278.739545863	
2235-11-07 331.121 199.591 279.945348844	
2035-12-25 327.008 200.293 278.613108909	
2066-12-17 326.465 203.252 280.708753259	
2146-01-01 329.253 198.467 277.403695791	
2056-12-19 331.45 201.137 280.755944735	
2222-01-02 332.973 207.697 281.239476334	
2055-12-20 334.932 205.913 281.130139135	
2226-01-02 326.749 207.669 280.029143251	
2015-12-30 325.221 193.162 278.081432539	
2125-12-03 323.468 197.762 277.524107082	
2006-01-01 324.217 202.194 278.174787475	
4071-01-01 327.024 203.636 279.78234995	
2166-01-01 325.91 201.055 279.056878312	
2035-12-25 325.706 203.394 279.319483831	
2176-01-01 323.294 205.457 279.150593513	
2045-12-22 324.299 202.172 278.895146407	
2007-01-01 324.128 193.246 278.381369244	
2026-12-27 326.053 205.487 278.844949729	
2212-01-02 332.113 203.829 280.829462106	
2065-12-17 327.986 202.355 281.666069149	
