2090-12-11 327.716 204.309 280.817753527	
2025-12-27 326.401 201.798 278.641827502	
2222-01-02 337.454 204.618 282.629621504	
2182-01-01 332.655 200.942 279.299989153	
2065-12-17 326.257 204.174 280.664267716	
2050-12-21 327.499 194.288 278.578024313	
2076-12-14 329.251 200.819 281.614569827	
2241-11-05 328.079 203.493 280.277509447	
4060-12-31 327.613 205.596 279.401224663	
2025-12-27 327.202 200.908 278.623063202	
4051-01-01 326.771 198.903 279.348998808	
2015-12-30 328.281 201.531 278.685516141	
2020-12-28 328.193 199.04 278.383588937	
2216-01-02 329.745 204.346 280.642243636	
2006-01-01 323.808 207.451 279.216292464	
2105-12-08 322.621 196.26 277.590622794	
2115-12-06 330.01 189.043 277.128219083	
2046-12-22 327.591 199.947 280.150162045	
2232-01-02 333.744 201.784 281.080717762	
4060-12-31 326.833 202.518 280.494539842	
4031-01-01 326.282 202.501 279.096731406	
2035-12-25 326.276 199.284 278.55397312	
2225-11-09 325.524 201.116 279.840842648	
2020-12-28 326.434 200.369 279.525857383	
2130-12-02 323.525 201.74 277.76689008	
2055-12-20 325.753 202.952 279.73288549	
2116-01-01 324.325 203.428 277.447341203	
2035-12-25 325.668 201.183 278.689783293	
2222-01-02 332.65 195.767 281.103086157	
2136-01-01 327.35 202.25 277.788064259	
2025-12-27 325.435 204.945 280.089984449	
2095-12-10 332.961 205.672 281.216740937	
2251-11-03 328.952 202.464 280.463663014	
2036-12-24 325.183 199.834 279.071144101	
2105-12-08 326.936 199.807 277.073450994	
2155-11-26 327.494 196.542 277.908325559	
2085-12-12 326.846 199.04 279.052967329	
2222-01-02 336.042 207.866 282.658906649	
2125-12-03 324.303 201.86 277.030394184	
2020-12-28 324.221 199.568 278.296820083	
2126-01-01 323.173 200.418 278.144043201	
2015-12-30 325.321 199.53 278.181192804	
2015-12-30 324.71 203.058 279.08561354	
2076-12-14 327.633 197.736 279.640883759	
2176-01-01 327.197 197.011 278.940488304	
2252-01-02 330.667 208.338 282.922615225	
2010-12-31 324.262 197.181 278.009063564	
2006-01-01 323.308 204.712 278.016522851	
2145-11-28 333.88 199.13 278.103473127	
2055-12-20 325.277 202.655 282.240189027	
2045-12-22 326.406 201.238 279.168426938	
4060-12-31 327.063 198.416 279.501625611	
2075-12-15 324.154 204.96 279.181764248	
2207-01-02 327.713 205.331 279.908222219	
2172-01-01 324.976 203.134 279.133232777	
2075-12-15 328.208 207.448 281.948447707	
2106-01-01 330.019 198.629 277.372130508	
2192-01-01 325.424 198.167 278.932247304	
2010-12-31 326.18 199.275 278.70909352	
2126-01-01 325.616 201.449 277.869973203	
2095-12-10 331.176 201.913 281.872932334	
2135-12-01 329.804 197.48 277.492675821	
2026-12-27 326.064 199.803 278.765330349	
2136-01-01 332.964 194.699 277.707255144	
2177-01-01 331.263 202.717 278.966858665	
