2065-12-17 327.338 199.487 281.629308457	
2221-11-10 326.213 197.816 280.090101059	
2237-01-02 328.615 207.642 281.975601705	
2222-01-02 326.211 205.474 280.779165562	
2241-11-05 329.054 208.144 284.095122081	
2181-11-19 325.044 201.293 278.719904251	
2161-11-24 326.849 207.352 279.228570466	
4060-12-31 333.888 208.991 279.638217533	
2116-01-01 325.102 192.361 277.50823669	
2065-12-17 323.611 196.387 278.91252068	
4011-01-01 326.265 197.821 277.804659101	
2181-11-19 323.82 200.532 278.995942518	
4091-01-01 330.265 201.977 280.214409799	
2056-12-19 329.708 204.905 280.087189567	
2076-12-14 332.78 201.168 281.555125885	
2126-01-01 323.537 201.864 277.3106719	
2045-12-22 325.783 197.973 278.558498055	
2115-12-06 322.488 195.962 277.319788852	
2010-12-31 323.098 194.261 278.179488391	
2166-01-01 325.905 199.679 278.634510485	
2125-12-03 323.176 199.505 276.966382627	
2145-11-28 333.286 200.683 278.39553979	
2075-12-15 329.667 206.319 281.904553293	
2185-11-18 327.28 199.55 278.887152464	
2201-11-15 328.042 205.416 281.285346773	
2182-01-01 333.035 199.313 278.460556701	
2115-12-06 323.683 199.306 277.124127712	
2206-01-02 332.583 205.985 279.358409227	
2056-12-19 325.514 202.199 279.570551142	
2246-01-02 335.404 201.137 282.100718094	
2145-11-28 330.137 205.285 278.578813256	
2221-11-10 326.394 200.669 281.155484141	
2251-11-03 327.044 204.117 281.351998785	
2065-12-17 328.242 201.376 281.173264585	
2015-12-30 324.805 199.375 278.788168425	
2232-01-02 330.633 200.177 281.538877529	
2171-11-22 326.499 203.124 279.626861755	
2106-01-01 325.65 198.684 277.837403979	
2116-01-01 323.673 197.606 277.552301433	
2055-12-20 333.996 206.8 281.237009527	
2222-01-02 336.331 204.071 281.160807085	
2222-01-02 339.03 205.3 282.171627888	
2125-12-03 322.798 199.262 277.52127719	
2075-12-15 332.432 202.906 279.583020083	
2085-12-12 327.77 204.508 280.978848692	
2105-12-08 321.718 189.273 276.804026632	
2025-12-27 325.798 202.293 278.447087369	
2016-12-29 325.961 202.348 278.292549691	
2251-11-03 326.929 206.274 281.378730639	
2045-12-22 326.326 206.281 280.630616195	
2045-12-22 334.217 199.33 280.0279621	
2036-12-24 326.375 196.576 279.272010938	
2025-12-27 326.735 199.442 279.096276809	
2085-12-12 335.331 214.199 283.602558825	
2156-01-01 327.039 195.924 278.448593489	
2231-11-08 330.05 206.392 281.736204048	
2006-01-01 325.14 203.612 278.994822169	
2181-11-19 325.263 193.724 279.202679528	
2242-01-02 330.242 200.225 279.704010326	
2212-01-02 329.804 204.941 280.877241963	
2015-12-30 323.56 205.005 279.39584437	
2115-12-06 326.012 199.138 277.752995359	
2211-11-13 328.679 206.027 281.687390291	
2105-12-08 325.097 197.146 277.275404527	
2136-01-01 324.435 194.231 278.298711973	
