2095-12-10 326.115 202.65 278.846080427	
2115-12-06 326.864 199.475 277.28799903	
2167-01-01 325.522 199.931 278.62825117	
2106-01-01 325.631 198.832 277.954500153	
2007-01-01 324.289 204.429 278.238712443	
2075-12-15 327.676 203.98 280.309679002	
2075-12-15 331.544 204.663 280.972722459	
4080-12-31 329.239 203.731 281.746987377	
2006-01-01 323.51 199.842 277.795632108	
2192-01-01 324.424 202.559 279.4370906	
2030-12-26 324.79 200.799 278.798647077	
2145-11-28 330.651 200.239 277.773398164	
2135-12-01 326.498 195.715 277.429443573	
2050-12-21 325.621 203.723 279.122887439	
2191-11-17 332.137 206.777 280.409789775	
2015-12-30 326.134 192.197 278.153779907	
2237-01-02 325.248 203.551 280.191991348	
2207-01-02 328.719 202.859 279.754943546	
2075-12-15 327.234 193.007 279.21898334	
2135-12-01 324.34 195.821 278.524239423	
2131-01-01 328.245 192.852 277.337115864	
2201-11-15 332.244 204.73 281.079706887	
2036-12-24 324.335 199.017 279.130674633	
2066-12-17 329.782 198.991 281.036236125	
2195-11-16 326.141 199.882 279.136421852	
2086-12-12 329.314 196.476 279.621097976	
2096-12-09 334.979 207.58 282.359307601	
2115-12-06 325.19 197.717 276.678990868	
2231-11-08 326.39 203.27 281.150355355	
2145-11-28 327.483 200.268 277.976496687	
2135-12-01 325.913 198.198 277.909753181	
2026-12-27 325.423 203.094 278.657222903	
2056-12-19 328.679 206.299 280.586704845	
2146-01-01 325.497 194.522 277.485685208	
2007-01-01 324.899 194.246 278.497118245	
2215-11-12 327.261 205.173 279.090057351	
2145-11-28 324.882 202.009 277.818188768	
2231-11-08 329.929 204.007 281.552251918	
2065-12-17 327.652 203.747 282.653467028	
2242-01-02 338.092 201.149 283.855800948	
2191-11-17 335.999 197.166 279.452718816	
2065-12-17 325.259 204.253 279.059563381	
2162-01-01 323.349 201.137 278.721093028	
2040-12-23 332.09 200.013 278.654714396	
2226-01-02 329.469 202.098 281.263753514	
2035-12-25 325.568 198.936 280.190228898	
2035-12-25 323.38 203.311 278.921018924	
2070-12-16 328.402 204.81 280.181920244	
2025-12-27 325.655 195.943 278.977215746	
2066-12-17 328.509 206.559 279.660409774	
2025-12-27 324.962 201.16 279.798132116	
2090-12-11 325.124 199.968 278.917176031	
2135-12-01 322.578 200.877 277.821615846	
2036-12-24 328.802 204.933 279.103766832	
2212-01-02 326.836 198.644 279.011320452	
2075-12-15 328.333 208.763 281.619353917	
2085-12-12 329.531 209.013 282.095961354	
2076-12-14 325.849 203.627 279.737994292	
2025-12-27 321.59 202.998 277.783074374	
2145-11-28 326.34 191.78 277.88360741	
2221-11-10 329.303 198.41 281.193329524	
2040-12-23 333.061 203.533 278.819000534	
2162-01-01 325.111 207.406 278.786140535	
2161-11-24 323.116 202.044 278.28493934	
2192-01-01 330.061 200.928 280.288053271	
