2206-01-02 332.807 202.861 279.659015539	
2177-01-01 331.951 199.119 278.705788025	
2065-12-17 335.39 204.33 280.340620523	
2212-01-02 331.563 201.868 280.923201212	
2232-01-02 330.8 193.509 279.434221023	
2181-11-19 332.671 199.806 278.791252845	
2216-01-02 327.873 203.88 280.574816579	
2045-12-22 324.679 195.207 278.633955967	
2007-01-01 324.848 193.344 278.281487835	
2095-12-10 325.44 197.827 279.288706379	
2040-12-23 326.918 206.839 280.343715781	
2075-12-15 326.122 201.281 279.344185024	
2222-01-02 334.099 204.257 282.20353264	
2125-12-03 323.59 196.905 277.344130909	
2145-11-28 325.683 206.746 278.713405028	
2125-12-03 324.054 196.55 277.178397909	
2100-12-09 324.553 196.894 277.696665212	
2116-01-01 324.992 200.612 277.9356502	
2090-12-11 328.724 199.164 280.662414203	
4011-01-01 325.084 197.227 278.272374252	
2136-01-01 321.998 205.967 277.954838625	
4091-01-01 327.063 202.539 280.093185915	
2016-12-29 324.739 194.838 278.312140647	
2162-01-01 328.51 206.487 279.044644659	
2136-01-01 326.519 201.114 278.350503013	
2216-01-02 330.425 203.087 280.803763117	
2055-12-20 325.903 203.034 280.918183439	
2222-01-02 331.77 205.307 281.085568356	
2246-01-02 326.863 200.378 279.825664369	
2060-12-18 328.408 203.159 280.445551312	
2196-01-01 326.06 204.771 279.570059372	
2145-11-28 323.69 204.66 278.269068584	
2156-01-01 324.303 204.335 278.683142972	
2217-01-02 328.456 197.659 280.948533898	
2065-12-17 325.562 204.445 280.159100943	
4071-01-01 329.437 203.589 280.809933515	
2025-12-27 326.195 207.306 278.867896043	
2186-01-01 324.814 198.754 279.413445169	
2016-12-29 325.589 203.874 278.295753516	
2227-01-02 327.181 199.723 280.962084241	
2205-11-14 328.829 198.254 279.780271085	
2065-12-17 329.689 198.939 280.006444518	
2036-12-24 332.515 199.462 279.214753391	
2236-01-02 326.96 205.541 280.229628178	
2085-12-12 325.297 207.052 280.554639118	
2215-11-12 329.374 202.557 280.742301625	
2086-12-12 334.716 202.62 282.220742171	
2095-12-10 325.714 208.66 280.329594215	
2055-12-20 330.147 203.952 280.776120173	
2181-11-19 327.513 200.636 280.490318372	
2185-11-18 328.925 200.567 279.167178283	
4004-12-31 331.907 200.539 277.68250245	
2035-12-25 324.407 198.707 278.520272739	
2135-12-01 323.557 200.849 278.22414995	
2251-11-03 331.466 205.16 282.432804964	
2166-01-01 323.766 199.038 278.83257383	
2045-12-22 324.13 204.861 280.655238808	
2050-12-21 327.577 199.405 279.165531741	
2075-12-15 329.382 198.289 279.287986009	
2075-12-15 325.823 206.237 280.607170318	
2161-11-24 325.141 201.742 278.204547697	
2136-01-01 325.738 204.486 278.420198341	
2025-12-27 324.718 204.836 279.756946412	
2242-01-02 337.217 205.466 283.647339464	
2006-01-01 323.889 195.511 278.645610494	
