2155-11-26 322.928 193.417 278.907810431	
2106-01-01 325.101 204.23 278.065041061	
2182-01-01 333.328 205.404 280.074664699	
2085-12-12 326.488 204.022 281.165430877	
2006-01-01 322.221 203.799 279.018712098	
2175-11-21 328.35 198.772 278.809571828	
2016-12-29 328.372 201.944 278.374918299	
2055-12-20 335.519 200.274 281.103738953	
2015-12-30 325.902 200.02 278.157900856	
2007-01-01 326.633 201.389 278.209445068	
2156-01-01 324.849 200.731 278.440585842	
2065-12-17 326.527 208.456 280.394247999	
2202-01-02 329.788 202.863 280.61137864	
2136-01-01 323.719 197.629 277.857358965	
2202-01-02 329.359 199.936 280.802907873	
2055-12-20 324.445 198.965 279.235426721	
2241-11-05 333.522 206.977 281.365742155	
2030-12-26 324.381 200.224 278.630094332	
2120-12-04 324.155 191.497 277.605520909	
2025-12-27 324.829 205.259 278.606784307	
2065-12-17 327.059 206.834 281.068694429	
2235-11-07 330.161 193.949 281.746690667	
2036-12-24 329.896 198.49 279.228910834	
2232-01-02 329.598 205.01 281.562767458	
2025-12-27 323.917 200.61 280.130748305	
2085-12-12 328.713 205.55 283.659552734	
2211-11-13 326.357 202.099 279.978642271	
2171-11-22 323.758 203.521 279.227216111	
2065-12-17 328.363 201.582 279.857315125	
2015-12-30 328.14 202.735 279.100061401	
2055-12-20 326.873 203.432 281.083303697	
2161-11-24 324.571 199.997 278.740092476	
2172-01-01 325.065 202.63 279.650285431	
2025-12-27 324.719 200.553 279.819024702	
2211-11-13 326.113 205.476 281.742563592	
2075-12-15 329.141 209.75 281.840876421	
2095-12-10 327.088 207.126 279.747432587	
2007-01-01 326.336 203.665 278.420984106	
2025-12-27 327.106 202.125 279.153512709	
2176-01-01 327.181 202.4 278.82709225	
2252-01-02 327.727 207.982 281.602908437	
2075-12-15 329.452 201.951 279.202842783	
2105-12-08 322.801 201.75 277.085190773	
2242-01-02 329.571 201.231 282.097473552	
2075-12-15 327.91 199.678 280.553151363	
2145-11-28 325.644 205.289 278.22259463	
2045-12-22 326.349 200.917 278.627385323	
2115-12-06 322.181 194.263 277.195867414	
2172-01-01 327.575 196.698 278.117704204	
2172-01-01 329.484 203.717 279.408677436	
2010-12-31 324.817 199.482 278.56559999	
2065-12-17 328.265 205.871 281.588522399	
2145-11-28 323.166 203.766 278.685007985	
2116-01-01 324.526 195.476 277.942888226	
2006-01-01 327.7 194.094 278.289670578	
2025-12-27 326.748 201.658 278.456861381	
2105-12-08 326.68 200.484 277.102631778	
2145-11-28 323.638 203.082 278.418888526	
2162-01-01 323.574 204.342 278.804313929	
2056-12-19 326.443 196.939 279.395747854	
2076-12-14 331.802 201.215 279.584124104	
2221-11-10 333.466 203.416 281.084547039	
4080-12-31 328.115 204.708 280.269742648	
2162-01-01 326.26 196.168 278.103990824	
2155-11-26 334.338 194.876 277.832476095	
