2086-12-12 328.425 206.536 281.953958799	
2075-12-15 333.434 204.668 281.782402631	
2085-12-12 324.236 201.054 278.972027569	
3964-12-31 321.903 196.955 277.14390302	
2045-12-22 327.827 200.608 279.013345367	
2075-12-15 333.067 203.049 280.104312712	
2155-11-26 330.657 195.354 277.872913562	
2202-01-02 324.602 204.987 279.829765955	
4031-01-01 326.873 199.084 278.815509175	
2076-12-14 327.732 206.413 281.475593095	
2246-01-02 328.513 206.712 282.01226433	
2006-01-01 324.778 208.237 279.220355528	
2196-01-01 325.085 201.537 279.503417925	
2025-12-27 323.499 200.781 278.691317662	
2145-11-28 324.263 197.352 277.818859839	
2176-01-01 324.128 202.668 278.837710229	
2045-12-22 326.704 205.41 280.21958065	
2212-01-02 331.48 200.933 278.854017942	
2026-12-27 331.062 201.033 278.772906962	
2162-01-01 331.316 200.47 278.532187663	
2020-12-28 325.995 200.842 279.207347716	
2105-12-08 322.956 195.889 276.81355602	
2232-01-02 333.878 208.749 281.363877142	
2015-12-30 330.785 201.712 278.326059968	
2080-12-13 324.178 199.313 278.809857804	
2115-12-06 321.757 199.977 277.199729838	
2232-01-02 329.884 200.246 280.74466051	
2165-11-23 332.015 202.804 278.530487309	
2075-12-15 326.847 201.072 279.391093649	
2007-01-01 326.682 199.256 278.364267745	
2156-01-01 322.372 203.062 278.57210809	
2036-12-24 326.237 198.143 279.685564129	
2232-01-02 333.957 207.287 282.917699406	
2172-01-01 323.958 204.073 279.016056664	
2186-01-01 325.056 203.104 279.030395017	
2235-11-07 329.117 190.081 282.025249809	
2075-12-15 326.072 201.644 280.003197398	
2050-12-21 329.985 199.355 280.580419907	
2166-01-01 326.325 201.375 278.77221041	
2247-01-02 330.554 204.147 282.579390959	
2241-11-05 332.205 199.514 281.965725938	
2182-01-01 330.188 203.833 279.460209522	
2135-12-01 331.539 191.816 277.46034743	
2046-12-22 326.4 202.603 279.446294687	
2085-12-12 329.294 202.025 280.747105401	
2006-01-01 323.048 199.782 278.20072114	
2237-01-02 328.158 203.481 280.309675744	
2026-12-27 326.524 201.718 278.833086917	
2191-11-17 325.834 200.669 280.140872661	
2065-12-17 328.786 207.2 282.375025027	
2191-11-17 329.488 199.323 280.802885671	
2036-12-24 329.797 200.286 279.358405975	
2241-11-05 330.032 208.885 283.550382866	
2221-11-10 325.532 200.235 280.875243735	
2040-12-23 325.197 202.196 278.611634727	
4091-01-01 329.863 207.443 282.270617932	
2075-12-15 329.824 201.861 280.75248114	
2222-01-02 328.979 197.465 280.214686832	
2246-01-02 327.188 205.538 279.945730778	
2251-11-03 330.201 202.124 284.134398367	
2075-12-15 329.558 206.519 280.471357406	
2125-12-03 322.431 199.695 278.000503807	
2090-12-11 328.886 199.063 281.281338192	
2065-12-17 326.356 202.891 280.410126465	
3995-01-01 325.097 197.135 277.487285602	
