2182-01-01 325.701 195.181 278.501800902	
2100-12-09 323.951 200.178 277.340425298	
2035-12-25 323.899 202.828 280.096956045	
2015-12-30 324.587 202.177 279.451839166	
2105-12-08 323.056 197.133 277.093539842	
2046-12-22 328.342 204.083 279.802070792	
2241-11-05 329.272 203.556 282.005219729	
2165-11-23 326.908 197.367 278.661612595	
2085-12-12 326.742 204.877 281.24136355	
2181-11-19 326.093 199.944 278.722083674	
2171-11-22 324.94 202.181 279.565760377	
2115-12-06 322.068 201.589 277.857541679	
2015-12-30 322.768 201.762 278.629384262	
2025-12-27 324.6 203.453 279.747687955	
2006-01-01 329.435 200.8 278.666122079	
2192-01-01 328.184 200.352 280.037320034	
2202-01-02 335.556 205.662 281.312656053	
2105-12-08 322.921 203.393 277.764268826	
2125-12-03 323.183 195.215 277.196322011	
2015-12-30 324.305 200.208 278.191831075	
2175-11-21 331.918 203.524 278.792300066	
2025-12-27 323.875 203.686 278.755177687	
2075-12-15 327.628 201.697 281.664662063	
2035-12-25 323.909 202.96 278.922187887	
4060-12-31 326.982 201.996 279.785358948	
2241-11-05 326.856 203.938 280.252919388	
2105-12-08 322.928 197.626 277.173657788	
2136-01-01 322.376 190.407 277.58719749	
2075-12-15 335.299 206.904 282.692171839	
2216-01-02 327.122 201.007 280.009110168	
2192-01-01 324.991 200.346 278.720094699	
2202-01-02 331.548 206.615 281.332194124	
2155-11-26 327.792 201.905 278.183597994	
2162-01-01 322.602 197.935 278.662644858	
2172-01-01 326.541 204.287 279.168879874	
2046-12-22 325.739 203.219 280.086042251	
2090-12-11 325.538 198.199 279.038578414	
2045-12-22 326.21 199.305 279.021484814	
4031-01-01 327.135 200.01 278.7721493	
2115-12-06 322.877 194.933 276.740318139	
2025-12-27 326.109 201.031 279.79452193	
2035-12-25 328.017 203.566 280.429727652	
2211-11-13 333.808 203.465 281.027752953	
2136-01-01 331.494 197.276 277.603934472	
2187-01-01 328.417 197.143 279.15327769	
2120-12-04 323.894 196.074 277.634128865	
2125-12-03 327.46 202.813 277.726457908	
2105-12-08 323.51 202.855 276.982055392	
2026-12-27 324.221 199.721 278.677744701	
2161-11-24 326.923 198.455 279.465005269	
2006-01-01 323.94 202.008 277.897629163	
2086-12-12 325.432 200.894 279.458265736	
2116-01-01 322.704 195.033 277.580906036	
2125-12-03 322.84 198.624 277.705032461	
2171-11-22 323.253 201.309 279.544223917	
2125-12-03 329.551 194.938 277.176774349	
2206-01-02 331.479 201.141 279.697342568	
4051-01-01 325.568 198.937 279.702254326	
2201-11-15 326.302 200.361 280.585100997	
2095-12-10 329.627 207.525 283.296989239	
2095-12-10 331.494 205.637 284.036573994	
2006-01-01 323.329 197.792 278.104216736	
2222-01-02 330.898 203.725 282.033594431	
2162-01-01 325.846 201.709 277.997782357	
