2060-12-18 327.883 202.532 280.497060126	
2115-12-06 322.945 201.152 277.594808566	
2166-01-01 326.105 205.143 279.064146138	
4091-01-01 326.269 201.186 280.005448735	
2242-01-02 331.235 200.298 279.663494997	
2016-12-29 328.601 195.065 278.577581876	
2222-01-02 334.214 205.082 282.19740474	
2216-01-02 327.92 197.568 279.792796905	
2015-12-30 328.841 197.491 278.226769362	
2006-01-01 323.255 199.319 278.130770705	
2131-01-01 324.593 195.613 277.579905604	
2086-12-12 329.233 206.841 281.796278657	
2162-01-01 323.849 199.343 278.697115352	
2232-01-02 326.643 204.84 281.695838574	
2201-11-15 324.221 207.85 280.370180451	
2202-01-02 335.644 208.611 281.328708325	
2215-11-12 330.572 202.772 280.784944706	
2202-01-02 329.113 199.874 279.511337441	
2135-12-01 323.727 195.584 278.385851018	
2035-12-25 326.899 204.787 278.323106652	
2035-12-25 325.364 199.486 279.367000019	
2181-11-19 325.977 203.38 278.829998148	
2116-01-01 322.816 201.431 277.896231419	
2026-12-27 324.834 202.475 278.9810257	
2015-12-30 323.842 203.487 278.153039781	
2237-01-02 327.417 203.362 282.188399202	
2045-12-22 323.744 204.954 280.388097897	
2212-01-02 330.693 199.642 280.183734214	
2175-11-21 325.603 200.014 278.505685147	
2205-11-14 330.601 198.821 280.169881742	
2166-01-01 323.976 208.432 278.635523146	
2006-01-01 324.133 202.208 278.117101746	
2085-12-12 328.39 200.699 281.283991373	
2056-12-19 325.698 199.872 279.251619025	
2135-12-01 324.839 194.969 277.665379305	
2066-12-17 329.943 202.868 280.744882879	
2015-12-30 322.577 198.466 277.664535035	
2095-12-10 334.206 204.957 280.999278394	
2145-11-28 328.652 201.057 277.749025114	
2251-11-03 327.468 203.688 281.465919997	
2070-12-16 326.275 204.558 280.093148697	
2216-01-02 327.607 194.791 280.559447566	
2065-12-17 324.505 199.515 278.863841163	
2075-12-15 330.948 201.565 282.51520743	
2202-01-02 330.305 200.371 280.347445054	
2187-01-01 327.657 203.278 278.957903203	
2006-01-01 324.698 190.722 278.119393831	
2094-12-10 323.221 202.141 277.304202675	
2162-01-01 331.38 197.93 279.065012346	
2020-12-28 324.47 204.635 279.24475892	
2055-12-20 326.922 205.524 279.193776996	
2125-12-03 326.765 199.907 277.661509242	
2196-01-01 329.468 205.377 280.14674405	
2066-12-17 327.497 205.287 279.415728465	
2201-11-15 327.352 207.82 281.198690276	
2086-12-12 329.446 196.63 279.754035064	
2145-11-28 323.584 200.265 277.438751983	
2145-11-28 327.065 200.668 278.862783689	
2145-11-28 323.198 200.384 277.449634055	
4040-12-31 327.136 204.737 279.236178247	
2126-01-01 324.113 199.754 277.708003353	
2242-01-02 326.265 203.042 279.755136722	
2162-01-01 324.51 198.486 278.478584462	
2136-01-01 324.759 202.216 278.141014752	
2216-01-02 328.797 203.172 280.747098112	
