2045-12-22 324.502 204.623 280.030947906	
2171-11-22 330.162 201.554 278.781610549	
2015-12-30 325.319 199.187 278.145043352	
2076-12-14 325.985 197.839 279.691690362	
2116-01-01 325.107 198.121 277.783440716	
2095-12-10 325.87 203.189 281.080817013	
2172-01-01 325.755 202.065 279.556849779	
2015-12-30 323.034 201.399 279.35985406	
2252-01-02 331.421 205.306 281.790637064	
2125-12-03 327.995 202.285 277.640260778	
2125-12-03 321.407 201.383 277.259619202	
2145-11-28 322.668 202.412 278.254168102	
2166-01-01 324.392 201.499 278.565209228	
2006-01-01 322.592 204.325 278.914671015	
2075-12-15 329.49 202.069 279.428154111	
2171-11-22 324.085 193.913 278.496326243	
2192-01-01 331.557 197.991 280.182844822	
2126-01-01 320.732 203.939 277.43721459	
2192-01-01 335.703 202.13 280.617250269	
3955-01-01 324.532 193.949 277.397924862	
2065-12-17 333.188 203.427 280.920316787	
2105-12-08 321.887 196.794 276.709665327	
2226-01-02 332.188 194.186 279.8471504	
2245-11-04 329.547 201.88 280.216027335	
2026-12-27 330.99 203.45 278.937492646	
2176-01-01 326.3 200.219 279.012356114	
2171-11-22 330.297 203.296 279.607767574	
2146-01-01 330.996 202.858 278.275852263	
2075-12-15 330.605 203.195 281.59822599	
2015-12-30 323.063 203.917 279.568358073	
2125-12-03 323.523 192.247 277.362176311	
2085-12-12 327.636 209.635 283.643766731	
2161-11-24 330.138 203.544 278.476161075	
4101-01-01 330.847 202.915 282.923657628	
2146-01-01 323.751 200.93 278.075854603	
2155-11-26 334.713 200.841 278.456744394	
2242-01-02 332.233 204.036 281.342451695	
2025-12-27 325.784 200.356 278.474645154	
2135-12-01 326.819 201.255 277.638276677	
2105-12-08 323.605 202.032 277.029961235	
2035-12-25 330.138 202.563 280.067035776	
4071-01-01 327.51 200.977 279.799352755	
2232-01-02 338.722 198.946 282.848992078	
2162-01-01 331.635 195.839 277.758024614	
2231-11-08 333.826 206.082 283.372340731	
2221-11-10 328.621 198.105 282.505287304	
4020-12-31 330.81 197.157 278.616938871	
2075-12-15 326.418 203.568 281.193028629	
2222-01-02 333.734 203.134 279.188400379	
2156-01-01 334.512 204.137 278.529977813	
2172-01-01 326.112 206.131 279.314971954	
2010-12-31 329.099 204.589 278.462172872	
2025-12-27 323.474 198.068 280.061454191	
2161-11-24 324.804 195.034 278.26024407	
2207-01-02 328.3 202.477 280.150114441	
2242-01-02 340.124 203.247 283.815329857	
2110-12-07 323.033 198.3 277.350830594	
2055-12-20 327.994 206.722 281.767830078	
2167-01-01 331.092 199.238 278.623829248	
2085-12-12 326.738 200.117 280.020991615	
2185-11-18 325.93 200.065 278.846698453	
2111-01-01 324.644 201.076 277.821666482	
2006-01-01 324.644 202.131 278.914959648	
2181-11-19 326.447 197.702 280.059478165	
