2035-12-25 329.533 196.176 278.475190377	
2151-01-01 333.631 204.268 278.111214755	
2045-12-22 324.715 203.584 279.790050393	
2055-12-20 324.875 204.16 280.919138148	
2025-12-27 324.744 201.224 278.602801174	
2145-11-28 325.989 195.66 278.081751505	
2035-12-25 323.397 194.67 278.17617027	
2085-12-12 325.234 203.878 280.358901562	
2140-11-29 326.026 197.173 278.090695075	
4020-12-31 327.097 197.546 278.436548635	
2226-01-02 329.335 198.93 281.405981704	
2015-12-30 324.82 197.329 278.243596337	
2106-01-01 325.094 201.735 277.911826879	
2135-12-01 326.551 203.307 277.587296895	
2195-11-16 326.892 193.595 279.421635766	
4060-12-31 328.506 203.987 279.569048556	
2145-11-28 331.79 202.712 277.833188834	
2221-11-10 327.079 200.397 281.160057864	
2175-11-21 327.699 197.867 278.662926037	
2046-12-22 326.453 199.991 279.048349319	
2156-01-01 324.197 202.382 278.785208029	
2076-12-14 332.924 205.748 281.460136804	
2145-11-28 322.334 200.254 277.943296225	
2202-01-02 330.157 210.525 280.546835079	
2035-12-25 323.79 192.203 278.118954335	
2060-12-18 328.803 203.58 281.62679531	
2065-12-17 330.716 204.706 280.066116075	
2232-01-02 333.03 202.837 281.890735039	
2055-12-20 326.72 203.778 281.141629759	
2065-12-17 326.33 196.767 279.478809181	
2187-01-01 331.556 199.153 279.231754664	
2206-01-02 325.772 203.811 279.857497157	
2095-12-10 325.366 201.151 278.95685983	
2222-01-02 329.757 204.836 281.036189917	
2212-01-02 328.058 204.219 281.375848959	
2206-01-02 327.501 204.335 279.330142768	
2135-12-01 322.791 197.46 277.500425614	
2216-01-02 328.186 203.677 280.517378093	
2060-12-18 329.395 202.657 278.930933662	
2182-01-01 327.883 205.622 280.068425787	
2252-01-02 337.331 207.746 284.434438778	
4091-01-01 330.618 205.247 280.073075419	
2161-11-24 325.126 200.023 278.393101283	
2100-12-09 322.717 193.894 278.132317388	
2242-01-02 330.645 204.089 281.403664086	
2172-01-01 325.589 203.098 278.969115892	
2191-11-17 324.582 202.213 279.159245163	
2191-11-17 329.532 198.062 280.255726379	
2015-12-30 323.589 198.193 278.207591399	
2066-12-17 334.241 200.452 279.515696463	
2242-01-02 332.192 205.839 281.514476942	
2202-01-02 328.855 198.812 279.46588223	
2206-01-02 330.477 195.781 279.663847835	
2066-12-17 327.656 198.309 280.793394851	
2162-01-01 327.017 201.349 278.281830861	
2136-01-01 322.802 199.503 278.249721198	
2025-12-27 324.018 201.122 279.971489516	
2222-01-02 333.506 206.674 282.571295443	
4071-01-01 331.719 205.324 280.905074128	
2065-12-17 322.687 189.733 278.885037491	
2045-12-22 325.26 204.282 279.667921445	
2035-12-25 325.698 199.153 279.180918401	
2216-01-02 327.26 199.541 280.586305106	
2156-01-01 324.228 202.08 278.618533593	
