2006-01-01 325.128 201.046 278.972286595	
2055-12-20 327.289 207.346 280.672212336	
2115-12-06 321.732 193.92 277.864846313	
2025-12-27 331.583 204.436 278.600030298	
2166-01-01 325.282 200.2 278.505792425	
3995-01-01 322.631 196.138 277.059514276	
2236-01-02 327.141 199.126 280.028156298	
2115-12-06 322.14 197.328 276.925728686	
2010-12-31 328.315 196.867 278.204413212	
2056-12-19 332.356 199.544 279.685261065	
2035-12-25 328.361 203.688 279.783922493	
2116-01-01 323.447 199.075 277.588101126	
2202-01-02 332.155 204.184 280.315806441	
2251-11-03 331.789 208.871 283.626959412	
2015-12-30 323.648 199.42 279.49486768	
4060-12-31 326.93 204.919 279.731240283	
2162-01-01 323.629 194.096 278.50068509	
2125-12-03 323.845 197.254 276.80805306	
2197-01-01 329.03 203.169 279.665665402	
4031-01-01 330.092 194.383 279.037763709	
2095-12-10 326.886 197.714 280.340573156	
2246-01-02 331.328 207.443 282.550383749	
2136-01-01 324.07 199.802 277.74255325	
2035-12-25 326.987 198.062 280.114205604	
2007-01-01 330.425 200.191 278.232174908	
2212-01-02 328.132 200.474 279.914205422	
2066-12-17 330.155 204.043 280.848227882	
2055-12-20 323.943 201.441 279.234972124	
2242-01-02 336.7 212.464 283.464947508	
2181-11-19 331.053 201.043 278.856547486	
2192-01-01 330.046 203.432 280.093059526	
2045-12-22 327.175 202.978 280.908170095	
2191-11-17 327.75 202.647 280.924910807	
2182-01-01 335.574 196.585 278.610991459	
2055-12-20 328.595 202.94 279.307853559	
2095-12-10 329.255 209.513 282.62984353	
2165-11-23 324.537 198.094 278.461225138	
2216-01-02 326.84 198.667 280.567394756	
2172-01-01 327.906 204.254 279.090918338	
4040-12-31 336.789 179.843 278.758338217	
2115-12-06 324.04 198.878 276.992705946	
2232-01-02 333.526 206.931 283.453797349	
2076-12-14 334.787 204.982 279.897319642	
2045-12-22 326.403 205.204 279.993470026	
2015-12-30 323.228 201.52 278.039225029	
4101-01-01 336.441 209.849 283.051420385	
2116-01-01 322.599 198.927 278.057209083	
2216-01-02 328.661 202.458 280.407569269	
2055-12-20 326.543 202.783 279.228737654	
2085-12-12 327.204 202.0 280.220862669	
2016-12-29 328.036 199.409 278.687962305	
2025-12-27 324.768 204.418 279.471421802	
2155-11-26 325.89 202.998 277.846590243	
2056-12-19 332.041 204.231 279.544206176	
2020-12-28 324.248 198.516 278.337048091	
2025-12-27 329.704 190.272 278.273203639	
2085-12-12 326.06 193.409 279.185169631	
2182-01-01 325.925 202.899 279.991160962	
2191-11-17 327.234 204.626 280.655993694	
2045-12-22 324.931 197.272 278.86954125	
2202-01-02 328.986 199.632 279.812873442	
2115-12-06 322.105 197.852 276.990822616	
2075-12-15 329.655 205.612 282.119929921	
2045-12-22 325.432 200.502 280.121853549	
3984-12-31 325.296 200.85 277.385972854	
