2070-12-16 330.209 197.726 279.973531323	
2182-01-01 330.058 199.567 279.492758439	
2135-12-01 323.975 197.354 277.635698437	
2085-12-12 326.945 204.836 280.8354489	
2045-12-22 326.346 195.536 279.064112751	
2155-11-26 329.261 197.74 278.066983095	
2172-01-01 331.897 196.958 278.328934045	
2075-12-15 330.274 199.442 281.720750648	
2212-01-02 328.226 201.666 280.803525817	
2086-12-12 330.238 206.121 282.212581076	
2040-12-23 324.285 201.384 278.647356676	
2105-12-08 324.972 198.222 277.309982264	
2135-12-01 323.295 199.198 277.57005479	
2172-01-01 327.18 199.783 278.460809214	
2035-12-25 326.282 205.553 280.038407958	
2235-11-07 337.522 200.236 279.941912005	
2136-01-01 325.053 195.771 278.2631154	
2236-01-02 329.257 195.708 281.629566408	
2236-01-02 325.542 193.861 280.089682786	
2065-12-17 328.179 202.176 279.683053023	
2115-12-06 322.337 197.885 276.825457623	
4004-12-31 331.769 201.957 278.041502196	
2232-01-02 330.764 209.103 281.372284118	
2065-12-17 325.01 199.758 279.854327775	
2065-12-17 327.35 210.326 281.692385862	
2056-12-19 333.044 201.712 280.403242571	
2085-12-12 332.876 205.351 282.091160439	
2045-12-22 324.976 204.789 280.680860534	
2055-12-20 327.871 199.547 278.616688927	
2176-01-01 326.949 201.496 278.778418464	
2176-01-01 326.87 202.005 279.138727764	
2006-01-01 323.855 201.562 278.498914984	
2191-11-17 332.014 205.217 280.473311229	
2095-12-10 327.717 210.977 281.236279169	
2045-12-22 325.543 197.624 280.118080501	
2030-12-26 331.525 199.599 278.403049889	
2125-12-03 323.763 202.324 277.795375752	
2235-11-07 327.688 204.444 280.216333805	
2096-12-09 332.646 199.798 279.620881501	
2205-11-14 327.881 191.821 279.561998927	
2212-01-02 325.014 202.574 279.775936726	
2015-12-30 323.589 202.867 279.276305918	
2015-12-30 325.736 198.998 278.289302571	
2025-12-27 332.131 201.142 278.517508152	
2085-12-12 329.889 203.723 280.910170866	
2166-01-01 329.488 201.357 278.598516979	
2095-12-10 326.328 203.079 281.209680531	
2045-12-22 330.62 206.431 280.409345724	
2125-12-03 327.026 199.082 277.151013865	
2211-11-13 327.331 207.501 282.056729474	
2135-12-01 324.188 197.647 277.809161774	
2020-12-28 325.109 198.266 278.413193965	
2106-01-01 323.021 203.962 277.392525405	
2045-12-22 325.655 198.204 278.978860953	
2006-01-01 324.867 203.835 278.92697122	
2035-12-25 326.235 205.921 279.026182314	
2136-01-01 323.738 201.296 278.172450736	
2045-12-22 328.568 200.102 278.927643049	
2141-01-01 323.904 197.216 277.985999958	
2205-11-14 327.984 200.94 280.113775881	
2006-01-01 326.857 200.901 278.327228931	
2085-12-12 330.077 202.901 279.233543391	
2026-12-27 327.12 203.109 278.814578334	
2060-12-18 325.862 194.672 279.057560462	
2116-01-01 328.632 191.191 278.088692279	
