2191-11-17 325.83 205.031 279.313830115	
2140-11-29 329.371 198.181 278.037968476	
2212-01-02 336.657 199.161 281.379125956	
2231-11-08 328.177 202.969 283.414414537	
2006-01-01 325.717 197.208 277.952359762	
2172-01-01 326.434 196.123 277.908584113	
2232-01-02 332.689 206.027 283.360040527	
2046-12-22 327.29 199.381 279.556112283	
2155-11-26 323.742 200.508 278.40481248	
2125-12-03 331.544 201.181 277.575066913	
2135-12-01 324.007 198.73 277.505512768	
2040-12-23 326.451 199.975 279.052706108	
2105-12-08 325.142 197.58 277.11269785	
2006-01-01 322.686 200.207 277.857175854	
2085-12-12 330.277 200.889 282.400481081	
2201-11-15 327.252 200.201 280.635900399	
2221-11-10 329.729 200.298 281.99882526	
2075-12-15 326.691 206.423 280.042985441	
2156-01-01 329.434 191.275 277.774729756	
2242-01-02 335.971 202.436 281.220537571	
2015-12-30 323.587 201.203 278.77240907	
2015-12-30 323.765 205.105 278.399964417	
2242-01-02 337.509 203.966 284.242147273	
2095-12-10 333.539 198.579 281.143365299	
2016-12-29 324.603 200.992 278.710432375	
2025-12-27 325.274 201.208 278.292727623	
4051-01-01 326.275 205.865 279.305109914	
2236-01-02 327.255 201.156 279.924508919	
2156-01-01 330.395 194.275 278.330932233	
2252-01-02 334.327 207.735 281.281059599	
2146-01-01 323.107 201.687 278.02827979	
2237-01-02 335.6 204.264 281.896007124	
2045-12-22 327.708 192.13 278.981654325	
2105-12-08 328.092 200.711 277.470692908	
2226-01-02 329.541 199.82 281.234254249	
2035-12-25 325.042 198.637 278.672246245	
2252-01-02 338.237 214.001 284.96954675	
2035-12-25 324.688 206.094 280.184811479	
2095-12-10 328.725 202.699 281.321931509	
2201-11-15 326.122 200.863 279.618509086	
2146-01-01 322.779 204.427 278.49593119	
2090-12-11 328.71 200.832 281.179261396	
2085-12-12 328.796 202.244 280.428839239	
2055-12-20 324.096 206.155 278.686801022	
2161-11-24 324.362 197.603 278.105967319	
2040-12-23 328.48 201.125 280.250067372	
2016-12-29 330.379 197.838 278.698244851	
2202-01-02 331.904 205.032 281.007637455	
2221-11-10 327.09 206.494 280.988365654	
2055-12-20 328.003 199.075 280.879162111	
2216-01-02 327.07 200.385 280.866107831	
2056-12-19 326.567 201.53 279.116755312	
2070-12-16 325.512 200.176 278.93885736	
2251-11-03 328.456 199.333 280.314119355	
2186-01-01 325.757 200.069 278.997197338	
2125-12-03 324.161 191.899 277.417624056	
2202-01-02 334.383 194.86 278.889490684	
2135-12-01 325.283 199.194 277.416368503	
2246-01-02 326.553 199.931 279.930474815	
2055-12-20 329.016 206.366 280.235655286	
2075-12-15 327.801 196.366 280.075499935	
2035-12-25 333.809 195.216 278.802544265	
2094-12-10 320.981 190.866 277.335875701	
2076-12-14 334.533 205.555 281.360277044	
