2192-01-01 335.528 201.865 280.713631477	
2232-01-02 329.853 209.941 281.614781915	
2115-12-06 326.815 196.438 277.589420152	
2045-12-22 327.699 205.001 279.767369903	
2025-12-27 327.366 195.042 278.524783706	
2211-11-13 329.004 207.886 281.680907151	
2136-01-01 323.704 198.788 277.81060043	
2075-12-15 328.618 201.23 279.929357892	
2050-12-21 328.72 200.319 279.143349738	
4020-12-31 325.964 196.882 278.500690076	
2211-11-13 325.758 198.295 279.779522236	
2066-12-17 333.005 203.582 279.622743183	
2212-01-02 327.406 203.496 280.534098142	
2205-11-14 325.427 197.12 279.27043671	
2026-12-27 325.481 197.174 278.995074906	
2065-12-17 325.463 205.431 280.177240415	
2172-01-01 333.015 203.505 279.554548096	
2095-12-10 327.054 202.333 280.238180642	
4011-01-01 325.4 201.1 278.045595398	
2186-01-01 328.879 205.854 279.20067622	
2025-12-27 324.131 196.751 278.295125739	
2246-01-02 328.783 202.024 280.003364416	
2182-01-01 331.772 204.937 279.912097732	
2095-12-10 326.473 201.174 280.287558512	
2025-12-27 329.389 198.55 278.46213692	
2110-12-07 321.738 199.469 277.104499346	
2070-12-16 324.44 204.645 278.973860952	
2010-12-31 323.578 197.239 278.232102621	
2145-11-28 326.756 198.601 278.212663437	
2055-12-20 326.723 209.851 281.0474244	
2236-01-02 337.524 206.298 281.453007661	
2105-12-08 321.307 201.326 276.850979985	
2125-12-03 323.762 199.734 277.744050969	
2207-01-02 330.877 197.541 279.840798867	
2105-12-08 324.086 194.376 277.332160914	
2015-12-30 324.519 200.655 278.647373306	
2095-12-10 328.95 205.384 281.126429481	
2185-11-18 324.287 196.815 278.566891541	
2186-01-01 326.05 201.029 279.003245109	
2155-11-26 329.948 201.316 278.007106204	
2172-01-01 327.205 198.989 279.449041646	
2010-12-31 324.721 200.13 278.661919064	
2186-01-01 326.743 206.677 278.969855482	
2215-11-12 329.122 199.683 280.099678271	
2085-12-12 327.308 199.914 279.777132911	
2006-01-01 323.105 204.326 278.027281642	
2015-12-30 326.445 202.102 278.27831694	
2155-11-26 326.343 191.684 279.009320425	
2125-12-03 323.921 201.794 276.81788101	
2055-12-20 328.049 208.187 280.954839825	
2246-01-02 326.341 200.73 280.157796015	
2162-01-01 327.985 202.395 278.650216611	
2035-12-25 327.809 203.739 279.920130759	
3995-01-01 327.381 198.235 277.566213739	
2075-12-15 325.494 203.333 280.449998567	
2035-12-25 323.764 204.601 279.84684448	
2035-12-25 329.36 202.727 279.07978144	
2242-01-02 327.507 206.762 280.337827183	
2006-01-01 325.021 196.242 277.851458184	
2252-01-02 338.195 208.156 284.801540162	
2192-01-01 328.558 200.748 278.726228754	
2090-12-11 325.896 197.167 278.813906727	
2035-12-25 326.77 207.693 280.006489566	
2065-12-17 331.915 194.224 278.81114214	
2006-01-01 331.343 203.533 279.141247893	
