2146-01-01 327.31 201.675 278.456255259	
2135-12-01 323.878 202.801 277.675677411	
2046-12-22 331.271 204.142 279.473462257	
2105-12-08 324.229 200.49 276.997725329	
2045-12-22 326.323 202.408 279.700500881	
2006-01-01 324.128 204.576 278.108437992	
2055-12-20 327.385 201.374 279.27908966	
2135-12-01 322.891 193.383 277.325102786	
2231-11-08 327.672 201.075 279.995197082	
4040-12-31 326.175 200.382 279.005227567	
2172-01-01 324.803 204.206 278.396483044	
2191-11-17 327.287 201.619 279.297451419	
2076-12-14 327.72 204.968 279.608910452	
2055-12-20 329.251 205.287 280.558844556	
2045-12-22 326.918 200.837 279.030814088	
2245-11-04 328.334 194.968 281.619834068	
2055-12-20 325.137 206.601 280.137497876	
2015-12-30 325.842 198.182 277.983529227	
2085-12-12 325.234 202.054 279.757173947	
2076-12-14 326.892 200.586 279.795013718	
2010-12-31 330.946 203.279 278.900352556	
2035-12-25 329.668 200.936 279.314007022	
2006-01-01 325.109 202.897 277.757007226	
2036-12-24 328.688 199.342 279.546587397	
2115-12-06 323.015 197.497 276.936314297	
2046-12-22 325.572 201.274 279.539616913	
2085-12-12 329.005 203.085 280.86358697	
2126-01-01 323.024 204.445 278.07770086	
2056-12-19 331.974 193.221 280.322151163	
2195-11-16 324.731 195.467 278.770540712	
2222-01-02 335.7 202.845 282.617232489	
2231-11-08 326.382 198.679 280.234295225	
2116-01-01 325.388 203.48 277.598284277	
2110-12-07 321.663 203.295 277.064029396	
2192-01-01 327.554 202.573 280.198688064	
2070-12-16 329.562 203.43 282.244813518	
2172-01-01 326.734 203.259 279.572376732	
2105-12-08 324.258 201.147 277.886550029	
2075-12-15 331.461 205.155 280.168367564	
2182-01-01 327.698 206.038 279.937342016	
2242-01-02 331.436 204.689 281.182776159	
2075-12-15 328.205 198.106 279.07506224	
2115-12-06 322.31 200.162 277.402014928	
2161-11-24 329.037 202.079 279.034875544	
2065-12-17 326.839 197.508 279.934631186	
2196-01-01 325.885 199.196 279.635900443	
4020-12-31 326.443 201.046 278.583714446	
2015-12-30 327.275 200.458 278.370588806	
2025-12-27 324.065 200.759 278.102689465	
2055-12-20 333.535 205.899 279.938774539	
2176-01-01 325.031 202.904 279.022491856	
2222-01-02 328.818 198.832 279.867045815	
2175-11-21 325.071 194.959 278.567285573	
2232-01-02 330.346 207.186 281.34993395	
2006-01-01 333.939 201.133 278.066268728	
2075-12-15 333.813 196.27 278.949262657	
2065-12-17 325.872 201.638 278.631925834	
2251-11-03 332.503 204.962 282.712365531	
2075-12-15 331.694 203.288 281.718109657	
2025-12-27 326.871 206.613 280.125153266	
2146-01-01 323.631 201.264 278.028542757	
2026-12-27 326.382 195.008 278.598255206	
2085-12-12 330.845 206.64 282.394051784	
2025-12-27 330.979 201.215 278.502477613	
2060-12-18 325.865 201.57 279.543278838	
