2182-01-01 328.374 198.586 278.606276313	
2006-01-01 325.159 198.055 278.174786416	
2020-12-28 324.977 204.689 278.616793838	
2242-01-02 330.307 201.282 282.114410626	
2075-12-15 325.907 196.981 279.469825483	
2045-12-22 325.619 201.543 278.566029922	
2006-01-01 322.948 198.6 278.144767788	
2106-01-01 325.744 202.554 277.637669967	
2222-01-02 333.896 199.532 278.980933956	
2015-12-30 322.407 199.968 277.608051784	
2085-12-12 331.902 206.562 281.232682358	
2126-01-01 323.848 199.3 277.75067378	
2020-12-28 326.086 196.995 278.319263306	
2172-01-01 323.792 195.593 278.20561988	
2065-12-17 325.898 207.005 280.217515815	
2177-01-01 325.65 200.553 278.584075739	
2105-12-08 322.655 197.546 277.350625149	
2007-01-01 327.361 195.025 278.539244213	
2045-12-22 325.686 197.821 278.68169682	
2015-12-30 324.061 198.487 278.51535308	
2211-11-13 327.256 203.204 279.733071901	
2181-11-19 324.834 199.966 280.330415709	
2145-11-28 323.938 195.056 277.906033474	
2135-12-01 329.786 197.544 277.65594101	
2171-11-22 324.299 195.229 279.509121708	
4091-01-01 328.025 210.298 280.154653329	
2227-01-02 327.577 200.787 281.307716484	
2025-12-27 324.506 198.383 278.573144145	
2242-01-02 332.712 203.452 281.26788891	
2050-12-21 326.63 197.417 279.39303332	
2211-11-13 326.691 197.828 280.250189605	
2232-01-02 342.686 204.699 283.296963122	
2035-12-25 324.592 202.401 279.253827067	
2145-11-28 323.212 201.982 277.646351182	
4040-12-31 327.804 198.143 279.523402961	
2055-12-20 325.368 202.422 280.117404581	
2171-11-22 331.268 202.215 278.625352504	
2106-01-01 323.63 198.089 277.518239506	
2146-01-01 323.209 198.525 278.576504193	
2251-11-03 331.495 200.899 283.042867366	
2242-01-02 333.697 206.577 284.067768557	
2247-01-02 328.824 203.977 282.570308764	
2212-01-02 332.504 201.696 281.014980707	
2060-12-18 325.886 200.232 279.631288491	
2035-12-25 325.691 204.643 279.263763254	
2065-12-17 325.28 200.703 279.710134003	
2066-12-17 334.057 202.088 279.609754703	
2055-12-20 326.463 202.511 280.549427909	
2025-12-27 327.387 200.401 278.632956094	
2181-11-19 325.161 201.78 278.780003499	
2065-12-17 328.491 205.86 280.042776613	
2202-01-02 327.447 198.291 279.559434344	
2172-01-01 331.785 198.793 279.0187343	
2025-12-27 328.544 202.188 279.345412353	
2242-01-02 333.326 202.958 281.097135877	
2006-01-01 324.013 195.792 277.958380327	
2205-11-14 328.661 201.016 279.562655648	
2207-01-02 334.606 205.117 279.778300922	
2035-12-25 326.963 195.157 278.982605965	
2217-01-02 329.612 202.502 280.769008277	
4020-12-31 327.059 196.889 278.540218349	
2246-01-02 329.294 198.126 280.183943501	
2006-01-01 323.734 197.281 278.021545063	
2145-11-28 324.234 202.652 278.41586761	
