2065-12-17 324.266 207.719 280.30179664	
2065-12-17 327.312 203.829 281.036755664	
2212-01-02 332.527 207.202 281.885355607	
2095-12-10 327.576 203.567 281.254259398	
2221-11-10 326.073 205.659 280.214944588	
2135-12-01 322.534 197.723 278.305877484	
2221-11-10 332.503 203.505 281.116609421	
2216-01-02 329.832 202.719 279.863352981	
2045-12-22 327.271 196.9 278.528672869	
2095-12-10 327.091 187.097 280.85620864	
2171-11-22 325.638 199.009 278.759243942	
2135-12-01 323.127 203.063 278.074282833	
2046-12-22 326.393 201.773 279.211744393	
2060-12-18 332.362 201.355 280.83675999	
2115-12-06 322.066 194.917 276.750340916	
3955-01-01 329.251 194.564 277.217926182	
2195-11-16 327.414 199.355 279.377307101	
2217-01-02 329.28 205.968 280.795167662	
2026-12-27 325.886 192.31 278.516536022	
2106-01-01 333.785 200.32 278.183386094	
2095-12-10 323.027 194.4 277.718123476	
2046-12-22 332.504 202.549 279.81746214	
2055-12-20 327.986 199.425 280.468639565	
2212-01-02 335.704 201.265 281.014737147	
2125-12-03 324.594 200.931 277.535178565	
2166-01-01 324.217 198.865 278.534433129	
2085-12-12 325.994 199.124 279.660409774	
2006-01-01 325.84 197.898 278.061285962	
2035-12-25 325.737 201.329 280.815341293	
2050-12-21 329.788 204.827 279.556339879	
2055-12-20 328.284 196.551 280.481714635	
2046-12-22 329.639 200.283 279.421118684	
4020-12-31 325.323 201.56 278.330584288	
2172-01-01 326.966 198.475 279.606280005	
2096-12-09 330.655 204.866 282.471809482	
3964-12-31 331.516 202.552 276.733249993	
2046-12-22 331.587 200.411 280.072815649	
2035-12-25 325.656 202.109 278.72002921	
2222-01-02 329.171 201.75 279.198267259	
2162-01-01 331.48 205.519 279.189072155	
2185-11-18 325.063 199.031 278.593904663	
2076-12-14 333.455 205.353 281.687283665	
2145-11-28 322.195 197.278 277.651942818	
2105-12-08 321.627 201.128 277.982342132	
2075-12-15 329.048 200.446 280.318408131	
2025-12-27 324.496 200.96 280.330171481	
2065-12-17 326.99 207.03 279.980359322	
2095-12-10 332.542 207.007 283.690803628	
4091-01-01 328.003 208.879 280.236340607	
2206-01-02 325.355 201.094 279.730738377	
2231-11-08 330.055 194.89 281.153641331	
4051-01-01 327.505 196.247 279.444584538	
2146-01-01 328.696 202.267 278.618022934	
2246-01-02 333.788 204.233 282.197845523	
2066-12-17 335.123 199.475 279.599060855	
2236-01-02 340.435 206.309 281.987608228	
2055-12-20 331.542 192.844 278.923140573	
2095-12-10 328.829 213.522 284.387152034	
2171-11-22 324.041 200.325 278.376193791	
2075-12-15 326.733 205.879 281.0693351	
2006-01-01 324.769 201.537 278.230570861	
2055-12-20 325.939 207.052 281.782528157	
2025-12-27 324.567 204.064 279.906436086	
2206-01-02 327.686 206.416 280.60735085	
2206-01-02 327.681 202.624 280.366447528	
