2076-12-14 328.523 200.636 281.576946531	
2171-11-22 327.268 202.594 279.874642055	
2221-11-10 326.457 202.998 279.928647622	
2252-01-02 336.086 203.722 279.975240367	
2055-12-20 325.863 200.816 279.843352509	
2221-11-10 329.939 202.086 280.827054327	
2195-11-16 325.092 199.311 279.1749057	
2226-01-02 327.094 206.475 279.593111312	
2191-11-17 332.638 203.083 280.32806224	
2232-01-02 335.973 199.185 283.15562178	
2156-01-01 325.845 204.467 278.62315172	
2056-12-19 332.858 202.025 280.519164751	
2162-01-01 328.559 200.486 278.521464106	
2095-12-10 330.155 204.345 281.217244749	
2192-01-01 326.482 199.226 280.164096514	
2235-11-07 326.358 200.59 279.713132311	
2241-11-05 326.782 206.909 280.918094629	
2192-01-01 327.898 198.632 278.765019562	
2055-12-20 327.9 203.737 280.041123759	
2225-11-09 330.92 201.337 279.651597557	
2182-01-01 329.058 204.091 279.996144546	
2095-12-10 329.965 211.307 283.020669341	
2035-12-25 325.693 204.089 280.242404857	
2066-12-17 327.676 202.002 279.8237832	
2161-11-24 325.194 201.281 279.479525728	
2025-12-27 325.435 195.84 278.864367506	
2020-12-28 334.716 201.222 278.536359589	
2231-11-08 327.338 203.595 280.257850608	
2181-11-19 328.139 193.944 279.828949236	
2025-12-27 326.088 199.305 279.026831738	
2236-01-02 334.565 200.056 282.052138548	
2025-12-27 323.176 199.852 278.181651221	
2125-12-03 323.458 202.27 277.824621726	
2146-01-01 335.208 202.047 278.135579102	
2075-12-15 325.468 203.335 279.248976908	
2035-12-25 333.972 200.654 279.426747026	
2006-01-01 322.611 202.151 278.250899966	
2065-12-17 326.895 203.104 281.580773714	
2115-12-06 323.357 195.842 277.684524095	
2025-12-27 326.308 199.674 279.37601555	
2161-11-24 324.219 193.926 278.418615494	
2007-01-01 325.003 197.29 278.258454932	
2026-12-27 327.256 199.714 278.972864605	
2026-12-27 328.389 197.977 278.968859824	
2172-01-01 323.714 204.657 279.043401317	
2186-01-01 325.022 201.763 279.116052956	
2016-12-29 324.805 194.815 278.624968179	
2035-12-25 324.061 202.451 278.449699577	
2171-11-22 324.378 201.757 278.713564111	
2075-12-15 329.625 204.58 283.049626874	
2035-12-25 330.206 195.728 278.588647293	
2055-12-20 327.669 204.455 280.983259071	
2045-12-22 325.731 203.863 279.893380995	
2025-12-27 324.568 203.173 279.050275944	
2172-01-01 329.239 201.128 278.341857038	
2025-12-27 326.482 195.847 279.523686571	
2235-11-07 328.288 196.369 279.769216282	
2105-12-08 322.343 203.366 277.77445979	
2196-01-01 329.242 201.912 279.495217409	
2187-01-01 333.021 202.794 278.835359071	
2115-12-06 323.909 195.16 276.439440009	
3984-12-31 328.499 199.363 277.41159819	
2075-12-15 327.724 206.997 280.060736363	
2065-12-17 326.961 201.808 279.767101557	
2135-12-01 322.114 199.897 277.411041997	
