2045-12-22 324.614 206.151 279.527710807	
2015-12-30 324.195 202.89 279.337096461	
2035-12-25 326.535 202.601 279.94611303	
2202-01-02 328.315 196.78 279.193490903	
2192-01-01 327.82 200.102 279.269387378	
2075-12-15 327.583 202.614 279.954945197	
2126-01-01 325.081 204.101 277.655964857	
2066-12-17 331.756 200.746 279.586613562	
2090-12-11 328.232 203.587 281.208048133	
2065-12-17 328.86 206.183 282.610438514	
2060-12-18 327.722 201.472 279.052510192	
2186-01-01 325.681 198.32 278.927697951	
2086-12-12 334.672 208.159 282.461137281	
2155-11-26 324.321 202.295 277.910710037	
2161-11-24 326.885 202.744 279.367491732	
2226-01-02 331.127 197.667 280.041075043	
2115-12-06 323.852 196.164 277.50472216	
2120-12-04 322.069 204.202 277.601428449	
2215-11-12 332.073 198.898 279.716656714	
2046-12-22 326.016 198.824 279.200790775	
2155-11-26 333.968 203.259 278.945665755	
2006-01-01 325.417 196.809 278.079358748	
2181-11-19 324.787 203.51 280.047377783	
2242-01-02 334.564 203.267 281.412538043	
2181-11-19 325.364 203.671 279.074511828	
2226-01-02 329.866 204.989 281.54723264	
2105-12-08 329.485 200.077 276.874402544	
2015-12-30 323.939 201.431 279.035002244	
4060-12-31 335.152 202.844 279.560896373	
2015-12-30 326.591 203.27 278.505950411	
3995-01-01 326.243 196.061 277.485553805	
2115-12-06 323.634 207.066 278.035250775	
2105-12-08 326.574 193.499 278.01874636	
2015-12-30 329.771 198.207 278.142749226	
2085-12-12 332.892 200.983 279.773669316	
2236-01-02 332.054 197.334 279.980755651	
2025-12-27 324.386 201.318 279.634788061	
2106-01-01 322.331 198.755 277.447634363	
2080-12-13 331.492 204.669 282.983164898	
2115-12-06 326.478 199.284 276.712003254	
2155-11-26 324.956 201.807 278.201608686	
2232-01-02 330.616 199.981 279.563079851	
2135-12-01 322.653 202.139 278.693733581	
2100-12-09 322.835 199.781 277.329301644	
2146-01-01 330.583 202.943 277.777152817	
2161-11-24 326.595 200.505 278.378813502	
2166-01-01 324.444 205.015 278.921685152	
2030-12-26 325.68 204.395 279.65575679	
2006-01-01 324.173 203.941 278.014466342	
2075-12-15 326.642 202.405 279.700154521	
2055-12-20 327.877 205.698 281.817874594	
2006-01-01 323.265 200.471 278.012537581	
3995-01-01 333.366 198.082 277.800026544	
2181-11-19 326.541 198.494 280.291694487	
2020-12-28 331.743 202.332 279.391842525	
2015-12-30 323.902 199.539 279.263073206	
2040-12-23 332.796 206.49 280.349713833	
2116-01-01 326.816 196.689 278.00899998	
2201-11-15 325.477 195.663 280.590163175	
2035-12-25 325.794 198.287 279.273093312	
2135-12-01 324.294 198.31 277.730079711	
2076-12-14 329.621 206.479 281.025455687	
2146-01-01 332.788 202.671 277.893840116	
2231-11-08 329.258 203.076 280.89226091	
