2232-01-02 333.691 199.795 281.326295447	
2145-11-28 322.935 195.276 277.269252324	
2246-01-02 332.225 202.367 282.092358694	
2045-12-22 326.625 202.768 279.024614544	
2025-12-27 324.256 205.181 278.978016702	
2145-11-28 325.163 198.179 277.511249347	
2006-01-01 323.641 199.97 277.822994505	
3975-01-01 324.351 201.535 277.438540414	
2006-01-01 325.486 203.058 277.923824419	
2182-01-01 326.973 201.553 280.159544994	
4011-01-01 325.162 194.068 278.409237642	
2222-01-02 327.142 205.321 281.101571774	
2125-12-03 324.722 202.192 277.651634617	
2242-01-02 326.734 196.577 279.716584048	
2126-01-01 326.085 193.079 277.729746195	
2085-12-12 331.671 209.757 282.532703804	
2035-12-25 327.884 201.71 278.59659276	
3995-01-01 322.794 201.77 277.354846405	
2050-12-21 325.935 201.932 280.257356974	
2125-12-03 323.697 202.686 278.122639956	
2045-12-22 327.635 201.674 279.722148347	
2096-12-09 330.363 207.113 282.608296755	
2241-11-05 327.822 199.184 280.265599669	
2116-01-01 325.194 194.142 277.519819571	
2080-12-13 328.922 203.934 280.966790741	
2015-12-30 323.87 199.192 279.421221869	
2242-01-02 335.525 206.622 284.040725869	
2100-12-09 328.183 199.944 277.728381776	
2086-12-12 329.132 203.141 282.187578253	
2185-11-18 329.437 201.826 278.993344244	
2211-11-13 328.262 201.747 280.173073244	
2095-12-10 326.509 197.642 278.728835808	
2222-01-02 334.236 205.44 282.666476616	
2085-12-12 325.206 198.525 279.204641438	
2252-01-02 335.829 208.771 282.08948127	
2231-11-08 325.816 195.506 281.374845195	
2075-12-15 325.233 202.857 280.340746336	
2045-12-22 324.984 202.988 278.722736054	
2060-12-18 326.167 201.233 279.062436584	
2241-11-05 326.897 195.182 281.29276242	
2085-12-12 326.854 198.52 279.02351468	
2025-12-27 325.143 197.335 278.301625491	
2215-11-12 326.868 203.351 279.128563091	
2045-12-22 326.56 193.731 279.926370541	
2055-12-20 324.136 188.326 278.808896615	
2155-11-26 335.391 203.065 278.190157176	
2196-01-01 324.981 202.551 279.366510518	
2055-12-20 328.588 202.806 279.01864549	
2242-01-02 338.624 204.996 281.500460056	
2115-12-06 322.298 197.728 277.248633659	
2106-01-01 327.961 200.949 277.512853839	
2105-12-08 323.004 197.561 277.134691675	
2226-01-02 329.124 210.422 281.402025813	
2202-01-02 334.652 207.737 279.509001545	
2106-01-01 322.536 201.615 277.508166925	
2046-12-22 325.775 202.505 279.25371883	
2136-01-01 328.104 195.623 277.970952232	
2096-12-09 332.874 199.868 279.917733203	
2125-12-03 321.224 195.433 277.561648485	
2085-12-12 327.912 198.708 278.804285093	
2115-12-06 325.463 197.556 276.946596843	
2192-01-01 329.572 203.743 280.009189421	
2025-12-27 321.865 200.695 277.720307805	
2135-12-01 323.756 202.62 278.264558565	
