2162-01-01 331.505 201.585 279.023041592	
2215-11-12 329.216 202.404 279.823330089	
2007-01-01 325.362 200.065 278.470015617	
2115-12-06 321.773 202.249 277.616399938	
2025-12-27 324.73 201.553 278.807997504	
2165-11-23 323.874 198.052 278.026650985	
2111-01-01 328.329 197.37 277.621913855	
2075-12-15 325.608 206.68 279.073556013	
2094-12-10 324.423 198.994 277.153848316	
2246-01-02 327.926 209.134 279.760204943	
2145-11-28 322.318 204.208 278.571131179	
2162-01-01 325.76 201.138 278.876904502	
2115-12-06 323.666 200.599 277.088063033	
2125-12-03 323.519 197.601 277.094115818	
2045-12-22 327.354 208.467 280.966207524	
2172-01-01 324.948 202.023 278.374775743	
2125-12-03 325.372 196.645 277.562618784	
2045-12-22 331.132 199.715 280.687965345	
2035-12-25 325.215 199.016 279.010834261	
2172-01-01 332.513 204.882 278.991203156	
2135-12-01 327.368 198.439 277.778571727	
2070-12-16 327.438 199.805 280.182290307	
2125-12-03 329.098 201.534 277.885849912	
2155-11-26 325.258 199.419 278.00149951	
2115-12-06 323.786 192.349 277.089058817	
2135-12-01 322.573 201.613 277.626598465	
3995-01-01 323.093 194.079 277.437951027	
2085-12-12 328.084 190.111 280.772995045	
2055-12-20 325.689 205.071 278.755634251	
2146-01-01 323.595 198.007 278.653569194	
2065-12-17 328.881 204.172 281.491222566	
2136-01-01 327.49 204.944 278.093488027	
2221-11-10 325.031 197.526 280.845336919	
2105-12-08 323.45 199.331 277.109732147	
2176-01-01 333.596 203.847 279.162129046	
2105-12-08 327.489 197.877 277.325513793	
2075-12-15 331.943 203.415 281.80547883	
2056-12-19 326.678 200.308 279.504418134	
2085-12-12 329.366 195.569 279.153080443	
2045-12-22 332.955 202.887 278.931891471	
4031-01-01 334.586 180.124 278.691014598	
2045-12-22 323.352 199.527 278.734930961	
2015-12-30 324.509 201.407 277.694020003	
2201-11-15 326.059 204.374 281.273357404	
2035-12-25 324.288 204.609 279.862563875	
2105-12-08 323.248 198.517 277.193662725	
2006-01-01 325.236 197.241 278.08203125	
2241-11-05 326.363 205.31 281.012832849	
2206-01-02 333.214 203.383 280.357289547	
2055-12-20 325.697 197.722 279.171999645	
2006-01-01 325.573 202.56 277.896617537	
2162-01-01 326.325 203.645 279.076838336	
2182-01-01 331.754 202.652 279.849841822	
2045-12-22 326.015 201.688 280.235094134	
2040-12-23 323.946 199.589 278.379148183	
2115-12-06 321.694 204.275 277.157941054	
2172-01-01 328.501 205.539 279.264050118	
2006-01-01 324.37 199.473 277.825743733	
2116-01-01 322.648 199.558 277.683027118	
2065-12-17 325.306 199.94 279.041706948	
2006-01-01 320.987 201.922 277.424348003	
2006-01-01 326.375 199.728 278.411156157	
2075-12-15 330.812 206.013 281.754001156	
2105-12-08 328.128 200.771 278.083072368	
