2146-01-01 331.74 202.594 278.497316855	
2235-11-07 330.003 186.937 281.873875627	
2065-12-17 326.401 199.103 278.98983896	
2135-12-01 327.352 195.582 277.599354533	
2242-01-02 333.301 199.814 281.332282934	
2211-11-13 325.869 203.482 280.633125082	
2066-12-17 328.231 200.206 281.136182475	
2175-11-21 331.584 192.091 278.84503476	
2191-11-17 326.637 195.359 279.223064841	
2015-12-30 322.646 203.08 279.161474403	
2075-12-15 326.052 199.914 280.117560961	
2165-11-23 324.171 193.768 277.860018986	
2020-12-28 324.157 201.666 278.386353524	
2216-01-02 331.725 202.361 280.799624414	
2120-12-04 324.211 195.164 277.384070946	
2016-12-29 327.758 202.467 278.869909257	
2135-12-01 322.209 199.195 277.385520864	
2181-11-19 325.777 201.888 280.057146899	
2010-12-31 324.145 200.995 278.082814913	
2105-12-08 324.371 195.071 277.292306875	
2242-01-02 334.075 199.421 281.086434255	
2202-01-02 327.475 204.24 278.840352751	
2202-01-02 330.442 205.537 280.092226905	
2035-12-25 324.249 201.588 279.834366655	
2221-11-10 327.367 198.624 280.859613149	
2166-01-01 325.145 202.737 278.814544056	
2085-12-12 325.922 205.787 280.038309588	
2085-12-12 328.495 206.502 281.158814522	
2140-11-29 323.791 204.949 278.226491175	
2085-12-12 328.335 208.335 281.113433745	
2036-12-24 327.749 194.475 278.948013314	
2105-12-08 323.994 200.024 277.362154481	
2015-12-30 326.741 195.977 277.910508497	
2095-12-10 329.561 207.919 280.956004655	
2231-11-08 329.5 205.696 280.287393902	
2176-01-01 325.877 200.108 279.018617326	
2251-11-03 330.148 207.474 283.702803274	
2015-12-30 324.639 198.758 278.403904256	
2140-11-29 324.276 198.541 278.04387124	
3964-12-31 331.728 201.756 277.410350508	
2176-01-01 325.75 195.949 279.04197458	
2136-01-01 325.139 201.239 278.465299706	
2095-12-10 336.262 210.86 283.266466312	
2045-12-22 326.202 205.268 280.049110757	
2020-12-28 323.697 200.757 278.220870125	
2166-01-01 324.659 203.083 278.676910174	
2162-01-01 327.502 192.378 277.9727004	
2232-01-02 327.945 202.96 279.531994814	
2161-11-24 326.467 198.923 278.078691507	
2056-12-19 329.188 197.529 279.648503668	
2035-12-25 325.228 202.835 278.797872778	
2085-12-12 328.984 204.707 282.142703056	
2135-12-01 324.801 197.884 277.723589341	
3984-12-31 323.023 198.052 277.329453927	
4040-12-31 326.93 198.64 279.250858304	
2035-12-25 325.645 200.168 279.005638869	
4031-01-01 324.418 193.209 278.956782207	
2096-12-09 332.175 199.307 279.832074179	
2171-11-22 326.394 194.995 279.334720789	
2212-01-02 335.647 194.415 279.735413341	
2166-01-01 324.779 200.615 278.965110615	
2105-12-08 327.005 201.5 277.842155322	
2007-01-01 324.237 196.496 278.334264358	
2055-12-20 326.313 199.239 279.535157535	
2045-12-22 323.647 197.722 278.578640319	
