2162-01-01 323.943 202.642 278.673608017	
2135-12-01 323.807 203.194 277.25271366	
2225-11-09 328.616 201.135 279.821316145	
2090-12-11 328.15 204.758 281.310452822	
2241-11-05 327.123 200.227 281.261723275	
2020-12-28 323.954 200.229 278.306572327	
2196-01-01 325.288 200.489 279.295411978	
2165-11-23 325.001 199.286 278.061435306	
2207-01-02 328.096 196.589 280.209153656	
2035-12-25 324.462 196.538 278.604037554	
2025-12-27 323.395 206.641 278.574746058	
2015-12-30 323.636 199.354 278.636766048	
2010-12-31 331.524 196.425 278.086101942	
2182-01-01 330.98 204.41 280.135588458	
2195-11-16 328.306 200.215 279.409573991	
2172-01-01 328.09 203.504 279.296821061	
2095-12-10 332.534 194.068 281.144094498	
2175-11-21 326.624 197.242 279.181013205	
2116-01-01 323.898 197.516 277.032336321	
2206-01-02 326.364 205.173 279.847810831	
2006-01-01 323.589 197.604 278.119168146	
2095-12-10 326.394 204.086 279.816076702	
4071-01-01 329.387 205.26 281.001037345	
2156-01-01 331.026 202.104 278.656561208	
4080-12-31 330.875 206.9 281.576903236	
2075-12-15 329.915 204.179 282.734839322	
2161-11-24 325.08 201.042 278.310376332	
2130-12-02 323.456 199.108 277.711620105	
2141-01-01 328.84 200.407 277.849510135	
4031-01-01 334.124 199.217 278.799425108	
3955-01-01 323.063 195.272 277.218532311	
2192-01-01 336.274 201.539 280.706726488	
2095-12-10 332.703 209.268 281.755516478	
2035-12-25 327.08 200.13 280.355149334	
2231-11-08 328.482 199.269 283.1216519	
2075-12-15 334.957 208.16 283.369898452	
2175-11-21 331.097 198.988 278.817124119	
2235-11-07 330.783 193.534 282.037027005	
2191-11-17 325.708 206.433 280.344247889	
2075-12-15 327.053 200.887 280.254539637	
2161-11-24 322.706 196.484 278.205103962	
2015-12-30 322.648 200.925 278.13067962	
2236-01-02 327.681 200.977 279.970078679	
2085-12-12 328.215 206.314 281.346375458	
2126-01-01 324.501 195.023 277.638203983	
2196-01-01 325.736 196.438 279.722879245	
2116-01-01 323.361 199.942 278.016867076	
2222-01-02 329.289 205.017 279.914855101	
2045-12-22 326.251 202.416 280.363319867	
2106-01-01 326.744 200.627 277.992599704	
2045-12-22 326.752 206.763 279.637246985	
2086-12-12 330.336 207.533 282.062737316	
2166-01-01 325.84 203.276 278.772769622	
2186-01-01 328.084 201.467 279.269725531	
2036-12-24 331.793 200.849 278.78513778	
2126-01-01 323.368 201.298 278.028696858	
2055-12-20 325.683 198.994 279.677291165	
2155-11-26 331.316 200.276 279.028037163	
2135-12-01 322.106 200.204 277.74266295	
2010-12-31 324.511 203.157 277.916787303	
2105-12-08 322.582 198.588 277.230546655	
2172-01-01 324.461 199.147 278.44242499	
2060-12-18 328.924 205.097 281.537174789	
2146-01-01 324.393 196.862 278.180773859	
