4051-01-01 330.524 198.024 279.968151831	
2162-01-01 324.756 199.641 278.906255114	
2085-12-12 331.355 201.575 282.193617896	
2166-01-01 326.514 198.009 278.710107854	
2192-01-01 325.412 196.658 278.589205738	
2105-12-08 325.973 195.794 276.947614274	
2211-11-13 327.346 200.546 281.417296443	
2242-01-02 333.78 207.578 281.11134214	
2105-12-08 322.585 199.839 277.88269775	
2145-11-28 324.009 197.479 278.33066806	
2191-11-17 331.879 200.374 279.508899505	
2130-12-02 325.097 202.586 277.918970638	
2162-01-01 334.476 206.466 278.719732751	
2065-12-17 331.449 203.729 280.909381974	
2135-12-01 326.312 195.982 277.974519477	
2086-12-12 333.809 197.148 279.71383572	
2176-01-01 328.05 201.767 278.641533071	
2162-01-01 325.874 193.656 278.517856304	
2106-01-01 322.71 197.342 277.669466262	
2182-01-01 335.355 205.989 279.886542614	
2006-01-01 330.051 202.819 278.071594005	
2055-12-20 326.668 199.266 278.531331088	
2221-11-10 329.165 202.113 282.695762859	
4101-01-01 327.488 204.618 280.204518832	
2145-11-28 324.37 196.192 277.714240545	
2006-01-01 323.738 199.074 277.968227355	
2182-01-01 329.225 202.264 278.583595588	
2135-12-01 325.901 197.321 277.59690837	
2135-12-01 325.471 199.109 278.264824995	
2065-12-17 327.989 207.203 281.499023977	
2106-01-01 326.355 202.554 277.562872651	
2140-11-29 325.878 206.099 277.936857771	
2115-12-06 322.449 200.916 277.728322921	
2085-12-12 325.363 203.604 279.112324991	
2065-12-17 327.164 209.561 282.592010409	
2202-01-02 337.043 200.648 281.242673499	
2172-01-01 326.456 203.765 278.483697018	
2232-01-02 334.173 206.221 281.336215006	
2035-12-25 325.251 202.339 278.632951815	
2162-01-01 328.078 203.544 279.081618751	
2105-12-08 326.825 197.238 277.429301653	
2245-11-04 326.566 197.084 280.15258809	
2045-12-22 323.001 203.029 278.648928864	
2006-01-01 326.379 198.034 278.152598823	
2035-12-25 325.161 205.207 278.782843149	
2145-11-28 324.523 196.326 277.731490666	
2006-01-01 333.217 204.712 278.592153407	
2162-01-01 327.091 200.03 279.053836509	
2025-12-27 330.878 201.504 278.770136086	
2145-11-28 322.444 199.044 277.948608556	
2036-12-24 325.662 201.704 279.439280908	
2125-12-03 322.784 202.118 278.204678326	
2140-11-29 324.055 200.031 277.878953819	
2006-01-01 323.237 199.402 279.054591396	
2247-01-02 327.138 205.362 280.34163703	
2080-12-13 328.029 202.05 280.479864376	
2222-01-02 332.179 199.278 280.557320775	
2095-12-10 330.521 205.871 277.933681187	
2075-12-15 329.35 199.143 280.422589844	
2006-01-01 326.69 198.861 278.262621922	
2105-12-08 322.581 199.411 276.948826532	
2222-01-02 335.47 206.75 282.271294779	
2055-12-20 328.44 203.3 280.770693861	
2125-12-03 322.631 203.797 277.737997016	
