2242-01-02 331.341 206.019 281.510937223	
2115-12-06 323.438 196.91 277.837492789	
2221-11-10 333.076 205.25 280.975805469	
2186-01-01 326.176 204.108 279.477374918	
2055-12-20 327.497 199.532 280.362956636	
2050-12-21 325.479 201.62 279.28031653	
2066-12-17 337.074 202.652 281.065503499	
2076-12-14 327.452 201.235 279.577002087	
2155-11-26 333.691 202.709 278.206912315	
2131-01-01 324.89 202.802 277.23824526	
2025-12-27 323.211 198.024 278.352313311	
2202-01-02 335.761 204.891 281.011858703	
2100-12-09 321.937 198.449 277.87549571	
2045-12-22 326.882 202.138 280.623489181	
2055-12-20 335.294 173.791 279.740548693	
2202-01-02 334.428 205.487 281.521492944	
2145-11-28 326.77 196.308 277.82927227	
2007-01-01 326.779 195.086 278.216112488	
2035-12-25 325.877 193.755 279.160526488	
2125-12-03 323.939 197.625 277.212232898	
2246-01-02 328.929 211.799 282.256271679	
2125-12-03 324.043 195.562 277.932119788	
4031-01-01 328.753 200.152 278.592886634	
2125-12-03 322.285 202.362 277.912093309	
4004-12-31 326.379 195.982 277.90274377	
2140-11-29 324.044 199.923 277.735848338	
4091-01-01 326.073 207.338 280.2312751	
2055-12-20 326.608 198.204 278.910927135	
2216-01-02 326.241 201.309 279.556340487	
2106-01-01 325.085 197.234 277.454923167	
4031-01-01 326.349 201.988 278.980722636	
2125-12-03 324.997 197.15 277.594991626	
2172-01-01 328.888 205.029 278.007976677	
2135-12-01 322.248 201.788 278.736762096	
2115-12-06 327.473 193.477 276.866934168	
2035-12-25 332.049 200.484 278.973882036	
2006-01-01 323.43 200.169 277.946731421	
2155-11-26 324.06 198.893 278.108069985	
2155-11-26 329.241 201.16 278.230767823	
2145-11-28 328.759 198.171 277.367401935	
2006-01-01 323.346 193.89 278.370155856	
2085-12-12 330.562 209.045 282.702667847	
2080-12-13 326.164 203.424 278.876360275	
2075-12-15 327.739 203.308 280.415822736	
2076-12-14 329.375 200.393 281.122825989	
2222-01-02 337.329 206.706 282.436976098	
2035-12-25 325.58 197.274 278.364734228	
2165-11-23 323.288 201.423 278.063186561	
2086-12-12 326.212 198.665 279.64224755	
2055-12-20 326.965 207.948 281.344605341	
2095-12-10 332.874 205.556 284.053226037	
2136-01-01 328.753 202.199 278.207542453	
2135-12-01 328.097 202.443 277.828494661	
2125-12-03 335.365 196.615 277.466980279	
2066-12-17 331.876 200.733 280.550640167	
2135-12-01 323.001 201.524 277.803511786	
2176-01-01 327.392 203.002 279.116748469	
2035-12-25 325.172 204.001 279.38399328	
2151-01-01 325.131 197.228 277.816478386	
2217-01-02 326.204 207.251 280.803665952	
2090-12-11 326.433 199.931 278.792225398	
2075-12-15 328.601 200.336 280.35443852	
2115-12-06 324.81 194.289 277.109753794	
