2065-12-17 328.141 199.897 279.977728917	
2162-01-01 324.837 198.241 277.955717142	
2145-11-28 324.537 201.3 278.870354754	
2121-01-01 322.374 202.41 277.607509775	
2045-12-22 329.365 203.347 279.336455445	
2135-12-01 326.246 197.493 277.434485692	
2056-12-19 328.351 205.199 280.753606808	
2050-12-21 334.009 205.936 280.608571346	
2065-12-17 327.331 199.618 279.034616565	
2056-12-19 328.946 206.776 280.324467442	
2015-12-30 321.559 197.934 277.606608619	
2215-11-12 326.351 200.439 279.545734138	
2241-11-05 328.265 195.775 281.180395386	
2166-01-01 323.156 204.846 278.624359039	
2175-11-21 324.198 198.982 278.810403674	
4020-12-31 329.341 204.182 278.611027211	
2236-01-02 330.132 200.235 281.135373887	
2035-12-25 324.083 199.002 279.127838815	
2162-01-01 326.395 199.505 277.89878612	
4080-12-31 329.904 203.973 280.089419256	
2216-01-02 326.778 202.651 279.36485944	
2231-11-08 329.566 201.776 281.419228064	
2125-12-03 324.828 190.731 277.592585412	
2136-01-01 323.031 197.966 278.237715699	
2075-12-15 326.397 205.811 280.67828504	
2216-01-02 329.46 199.858 280.623357378	
2222-01-02 334.29 200.239 281.328841541	
2095-12-10 326.973 203.102 278.99134098	
2075-12-15 327.981 206.689 281.00873332	
2095-12-10 329.008 210.478 281.717395291	
2016-12-29 325.214 201.199 278.65793727	
2035-12-25 329.475 201.933 278.974856172	
2145-11-28 327.611 203.317 278.55152634	
2115-12-06 322.563 194.769 276.804957473	
2045-12-22 324.652 198.925 278.551393125	
2065-12-17 326.332 207.388 281.077442228	
2006-01-01 328.675 208.879 279.272109639	
2085-12-12 337.192 195.05 282.195349693	
2036-12-24 328.582 200.28 279.515198572	
2242-01-02 327.115 196.722 279.752929965	
2116-01-01 322.545 202.907 277.34848929	
2136-01-01 331.931 198.475 278.288959152	
2192-01-01 326.263 201.735 279.170089746	
2075-12-15 329.375 206.476 283.35298012	
2176-01-01 323.868 203.004 278.800409995	
2181-11-19 325.234 199.544 278.812166503	
2181-11-19 324.957 198.415 279.656968394	
2225-11-09 327.536 205.119 280.734464755	
2035-12-25 326.263 206.313 280.766451309	
2015-12-30 329.356 202.264 278.69099295	
2191-11-17 326.421 200.086 279.504408572	
3975-01-01 325.108 193.114 277.378983329	
2106-01-01 324.373 201.907 278.11890993	
2241-11-05 335.644 203.418 281.890899072	
2236-01-02 328.666 200.976 280.195197693	
2135-12-01 326.853 202.759 278.293421861	
2145-11-28 325.355 195.938 277.783509527	
2035-12-25 327.266 199.709 278.663008158	
2192-01-01 328.107 199.742 278.554622821	
2202-01-02 330.417 200.417 279.881143425	
2116-01-01 322.101 199.986 277.085213965	
2105-12-08 330.56 197.015 278.099612684	
2065-12-17 330.466 201.048 280.319943121	
2201-11-15 325.481 198.383 279.100312677	
