2075-12-15 336.501 208.415 282.470185922	
2086-12-12 326.712 199.585 279.7759423	
2095-12-10 330.655 208.25 282.879366325	
2192-01-01 326.083 202.934 278.966723029	
2197-01-01 324.541 195.192 279.158947381	
2216-01-02 326.534 204.938 279.529202554	
4020-12-31 325.463 199.163 278.561649341	
2226-01-02 329.792 208.226 281.153417459	
2162-01-01 335.137 201.489 278.146287626	
2015-12-30 327.47 200.786 278.678848722	
2182-01-01 329.021 203.878 279.739828257	
2135-12-01 322.958 202.835 277.354562751	
2226-01-02 328.248 205.6 281.012745593	
4011-01-01 323.825 200.04 278.446636354	
2246-01-02 334.065 202.449 282.124850951	
2006-01-01 323.304 204.436 279.260697535	
2155-11-26 324.477 204.573 278.969733304	
4080-12-31 331.974 204.175 281.440777503	
2105-12-08 322.945 196.729 277.226113788	
2182-01-01 326.367 196.257 278.806113097	
2162-01-01 326.088 197.617 278.998174752	
2045-12-22 328.324 199.533 278.939202796	
2065-12-17 330.253 207.917 281.894584228	
2136-01-01 323.72 202.379 277.850666595	
4051-01-01 329.314 202.286 279.334117518	
2135-12-01 325.203 200.087 277.682091149	
2075-12-15 330.78 207.724 282.721877517	
2046-12-22 325.76 195.022 279.1736665	
2006-01-01 322.987 198.129 277.755346174	
2247-01-02 330.055 208.66 282.537995647	
2171-11-22 324.172 203.681 279.757479273	
2172-01-01 324.961 198.632 278.462455989	
2206-01-02 325.956 203.92 279.930364743	
2025-12-27 323.688 201.976 278.707176247	
2115-12-06 323.597 197.756 277.098064163	
2192-01-01 330.496 199.226 280.581526389	
2080-12-13 324.776 200.874 278.813993801	
2035-12-25 332.763 197.211 280.25065842	
2225-11-09 327.539 194.319 280.87622892	
2206-01-02 328.866 203.426 280.300756628	
2020-12-28 324.405 200.564 278.996080582	
2242-01-02 336.38 204.105 281.603886721	
2025-12-27 325.202 202.25 278.453596121	
2232-01-02 332.861 195.993 279.780544131	
2115-12-06 321.997 199.646 276.652732492	
2126-01-01 322.542 200.937 277.889024875	
2095-12-10 333.893 203.39 283.25964736	
2202-01-02 331.186 196.342 278.799619128	
2221-11-10 329.725 202.212 280.052786691	
2045-12-22 327.44 202.193 281.393428717	
2166-01-01 325.878 200.884 278.658858385	
2025-12-27 328.136 202.017 278.542490866	
2045-12-22 327.595 205.873 279.563645601	
2201-11-15 327.391 199.218 279.811112866	
2195-11-16 326.338 202.134 278.567416918	
2085-12-12 326.476 207.123 280.41298694	
2075-12-15 328.214 205.116 281.886436024	
2106-01-01 323.807 202.657 277.833141092	
2192-01-01 328.787 206.497 280.055219064	
2246-01-02 331.509 202.708 282.309551873	
2026-12-27 328.347 202.308 279.139744921	
2116-01-01 323.98 197.227 277.660176195	
2026-12-27 329.807 200.263 278.745479622	
2105-12-08 326.909 200.378 277.165019775	
2075-12-15 333.192 201.246 281.548783178	
