2025-12-27 324.605 194.651 280.292715803	
2006-01-01 326.543 197.907 278.33621263	
2025-12-27 325.964 195.996 279.133532098	
2075-12-15 330.167 201.227 282.422587883	
2202-01-02 330.009 199.647 280.438450609	
2065-12-17 327.387 200.055 279.268027805	
2015-12-30 325.309 201.819 277.948372253	
2130-12-02 321.65 198.785 277.552710764	
2055-12-20 326.938 206.015 282.036525166	
2095-12-10 328.25 199.594 280.012852168	
2242-01-02 329.978 203.854 281.343006758	
2050-12-21 327.383 204.485 279.329055984	
2006-01-01 324.831 199.09 278.16940962	
4071-01-01 328.759 200.946 279.585487894	
2015-12-30 327.588 195.524 278.485082253	
2245-11-04 330.924 195.733 281.59671749	
2222-01-02 324.727 204.936 279.736117545	
2166-01-01 323.618 201.586 278.686640528	
2010-12-31 325.85 202.122 278.721352312	
2172-01-01 327.633 203.798 279.517171542	
2192-01-01 326.711 203.731 279.180476315	
2085-12-12 328.263 202.405 279.584405521	
2045-12-22 327.203 205.921 280.420802232	
2065-12-17 326.105 207.993 280.281858763	
2030-12-26 324.164 197.927 278.482112729	
2095-12-10 324.931 202.344 277.614602362	
2135-12-01 322.676 200.83 277.609722211	
2181-11-19 327.052 198.818 278.790790544	
4080-12-31 332.275 204.431 281.344149681	
2176-01-01 331.417 205.935 279.137010643	
2156-01-01 325.169 197.984 278.411029804	
2036-12-24 327.251 200.577 279.4188457	
2125-12-03 324.709 197.399 277.512129513	
3964-12-31 325.138 199.318 277.323738996	
2171-11-22 332.665 206.982 279.986343012	
2241-11-05 330.432 204.363 282.347191054	
2166-01-01 326.694 199.447 278.540002766	
2222-01-02 333.24 209.898 282.605087702	
2162-01-01 331.282 194.763 277.782370039	
2242-01-02 328.066 200.143 280.275336622	
2040-12-23 325.219 205.831 280.157644841	
2166-01-01 327.219 200.125 278.928380397	
2025-12-27 326.24 201.112 279.20390801	
2035-12-25 329.881 203.92 279.822870385	
4080-12-31 331.112 205.287 282.061092109	
2035-12-25 324.042 198.426 279.122989782	
2161-11-24 328.968 203.177 279.012495388	
2156-01-01 331.357 205.738 278.360506033	
2086-12-12 336.958 204.639 282.351384628	
2075-12-15 324.698 206.449 280.555171979	
2040-12-23 324.85 201.321 278.48563921	
2181-11-19 325.519 199.897 280.064140697	
2155-11-26 328.791 195.803 279.184254204	
2036-12-24 326.856 200.276 278.998603442	
2202-01-02 329.889 202.19 279.251902045	
4080-12-31 330.236 206.801 281.741092625	
2222-01-02 331.166 202.426 281.046491893	
2115-12-06 322.476 198.792 277.527301162	
2015-12-30 324.572 200.578 278.577430343	
2055-12-20 325.163 198.608 279.235902965	
3995-01-01 324.671 196.824 277.625093371	
2035-12-25 325.94 204.548 280.392982455	
2185-11-18 327.858 195.907 279.407363031	
2106-01-01 321.885 197.135 277.471336873	
2094-12-10 323.226 191.085 277.414067805	
