2065-12-17 329.912 205.834 282.528289131	
2116-01-01 322.139 203.534 277.36166125	
2145-11-28 327.794 190.643 277.478821443	
2056-12-19 332.45 200.503 280.390492213	
2045-12-22 327.484 204.752 280.380317029	
2075-12-15 325.445 208.176 281.120759375	
2241-11-05 327.47 200.633 280.445258995	
2035-12-25 323.553 202.058 279.786631203	
2125-12-03 322.081 198.645 277.313239975	
2095-12-10 326.06 205.878 280.242360452	
2176-01-01 325.715 200.396 279.086949951	
2131-01-01 326.321 191.688 277.337181536	
2140-11-29 325.328 196.088 278.088757687	
2221-11-10 327.359 198.985 280.112049393	
2050-12-21 331.998 199.09 278.904223831	
2135-12-01 321.4 201.015 277.61108746	
2106-01-01 321.575 202.574 277.625503552	
2172-01-01 325.334 197.95 278.700535574	
2247-01-02 329.133 203.048 280.522825479	
2035-12-25 327.118 200.197 278.840920315	
2135-12-01 324.625 201.59 277.876569252	
2006-01-01 323.389 202.096 278.07445147	
2095-12-10 327.43 201.732 278.853220463	
2146-01-01 325.807 203.435 278.642201496	
2060-12-18 328.136 201.393 280.727000026	
2116-01-01 324.406 196.776 277.698064975	
2145-11-28 326.689 196.616 278.277816267	
2161-11-24 324.211 200.593 279.29795339	
2197-01-01 325.464 198.732 279.182656996	
2010-12-31 324.345 196.251 278.223765322	
2025-12-27 324.701 202.0 279.082097719	
2025-12-27 325.438 199.454 278.382848811	
2176-01-01 325.827 198.741 279.247875043	
2085-12-12 330.517 203.703 281.617838594	
2236-01-02 336.319 201.817 281.41166811	
2075-12-15 327.57 201.676 280.779844173	
2162-01-01 323.401 194.778 278.504471563	
2006-01-01 326.149 204.299 279.251527888	
2110-12-07 321.744 202.743 277.31367193	
2076-12-14 331.563 202.29 281.619786866	
2235-11-07 327.207 198.759 279.548776945	
2135-12-01 327.538 199.961 277.521921547	
2211-11-13 329.701 201.408 280.752645735	
2080-12-13 326.919 203.026 280.370674067	
2222-01-02 333.431 205.479 282.44536266	
2116-01-01 326.314 202.904 277.532928164	
2175-11-21 327.602 195.548 279.218336846	
2006-01-01 323.684 199.801 278.744512671	
2236-01-02 328.91 200.669 281.80587955	
4020-12-31 327.87 194.627 278.767192031	
4051-01-01 331.94 203.098 279.471665518	
2106-01-01 333.877 201.37 277.52790063	
2045-12-22 327.289 202.8 280.76400903	
2106-01-01 325.063 199.23 277.695028215	
2065-12-17 329.6 205.302 280.745965253	
2235-11-07 330.991 201.167 281.64214069	
2226-01-02 329.59 206.222 281.557975656	
2055-12-20 328.349 204.458 280.731418156	
2185-11-18 326.37 203.396 279.214812444	
2192-01-01 328.517 197.402 280.50465481	
2025-12-27 325.611 198.034 279.119742662	
2135-12-01 325.336 201.004 277.563159219	
2246-01-02 330.247 203.208 281.950734147	
2201-11-15 335.779 195.349 279.466786003	
