2075-12-15 332.235 205.982 281.3223584	
2035-12-25 325.191 200.613 278.953703411	
2162-01-01 326.623 198.655 278.988205814	
2162-01-01 330.503 201.451 278.520330025	
2065-12-17 330.192 203.721 279.900306992	
2146-01-01 324.956 196.179 277.981720461	
2085-12-12 325.898 200.282 278.864670643	
2226-01-02 329.318 195.958 279.687426676	
2125-12-03 321.334 195.532 277.468488812	
4020-12-31 328.396 203.674 278.158834716	
2222-01-02 332.561 204.933 281.29722513	
2115-12-06 322.42 198.748 277.468048802	
2055-12-20 325.918 201.282 278.970044139	
2065-12-17 326.359 205.713 280.130830858	
2252-01-02 330.947 207.377 281.558548976	
2105-12-08 323.023 202.238 277.669397391	
2146-01-01 324.675 203.927 278.001737445	
2080-12-13 324.997 204.263 278.971118134	
2182-01-01 334.572 198.87 278.81966344	
2252-01-02 339.17 199.565 281.470649137	
2055-12-20 329.198 202.773 279.640688932	
2036-12-24 328.682 200.504 279.503227523	
2025-12-27 324.005 196.146 278.698093319	
2212-01-02 332.885 202.446 281.033303587	
2135-12-01 321.737 198.789 277.273906529	
2125-12-03 324.182 201.566 277.5714176	
2125-12-03 322.294 197.995 277.320405286	
4060-12-31 327.967 198.834 279.763257084	
2090-12-11 332.499 208.813 283.518983533	
2085-12-12 326.27 199.143 279.126492259	
2095-12-10 326.334 210.996 281.280684241	
2006-01-01 329.283 201.981 278.055639822	
2056-12-19 336.461 200.694 279.491386359	
2155-11-26 324.901 203.254 277.957165499	
2222-01-02 326.467 198.747 279.5099908	
2110-12-07 322.486 202.05 277.068908007	
2201-11-15 329.322 201.089 279.649571371	
2237-01-02 329.053 198.955 280.400034657	
2135-12-01 324.185 200.915 277.65108815	
2232-01-02 334.521 213.443 282.931509383	
2145-11-28 325.333 200.197 277.982157818	
2161-11-24 326.045 198.483 278.337646618	
2025-12-27 324.075 201.683 279.681679816	
4091-01-01 329.9 199.31 282.219140258	
2187-01-01 326.431 206.105 278.876885727	
2106-01-01 326.427 191.409 277.338543557	
2010-12-31 325.724 197.775 278.059675101	
2050-12-21 325.119 202.209 279.364799702	
2242-01-02 337.937 210.518 283.873363154	
2105-12-08 329.559 201.812 277.976258613	
2055-12-20 326.206 205.407 279.513748192	
2065-12-17 331.817 204.913 281.247255623	
2195-11-16 328.735 202.536 279.402043591	
2076-12-14 327.404 207.975 281.363091214	
2085-12-12 327.547 201.065 280.213805595	
2125-12-03 324.772 196.235 277.36564849	
2145-11-28 324.112 190.764 277.778673149	
2136-01-01 326.421 198.306 277.754353698	
2045-12-22 324.486 196.12 279.189923747	
2165-11-23 324.358 199.584 278.267339218	
2222-01-02 334.805 207.693 282.508373457	
2171-11-22 325.588 201.408 278.522347236	
2055-12-20 325.848 206.557 279.974731086	
2105-12-08 321.691 200.344 277.154888761	
