2161-11-24 323.659 200.011 279.089005326	
2035-12-25 325.759 202.006 279.405900516	
2161-11-24 325.408 202.271 278.141520537	
2212-01-02 336.058 201.636 281.589938733	
2146-01-01 327.642 197.736 278.239352426	
2192-01-01 329.719 208.313 280.094388038	
2166-01-01 325.16 198.794 279.016966248	
2055-12-20 325.895 202.087 280.669781469	
2036-12-24 333.885 200.526 279.127232686	
2030-12-26 327.254 193.024 278.471446211	
2186-01-01 324.907 198.58 279.144737689	
2055-12-20 329.256 201.624 279.612611201	
2045-12-22 326.724 199.098 278.731926922	
2206-01-02 326.46 203.567 280.224344727	
2192-01-01 326.707 197.044 278.463146387	
2030-12-26 323.72 200.857 278.545023414	
2156-01-01 325.802 199.424 278.413686266	
2126-01-01 326.8 195.636 277.500858359	
2155-11-26 324.649 202.282 278.894866353	
2106-01-01 328.545 201.029 277.645297568	
2035-12-25 325.508 201.601 279.837515262	
2162-01-01 326.361 198.976 277.955127749	
2046-12-22 333.466 205.907 279.936198491	
2206-01-02 325.976 209.158 279.660776689	
2015-12-30 323.341 198.952 278.420810927	
2232-01-02 325.866 199.887 279.712196343	
2131-01-01 322.874 203.315 277.40027053	
2135-12-01 321.887 204.469 277.652626505	
2155-11-26 334.017 197.835 279.063605625	
2030-12-26 323.615 198.829 278.45470631	
2196-01-01 326.199 202.819 279.602526648	
2106-01-01 323.881 193.065 277.441897205	
2175-11-21 325.973 197.106 278.434233906	
2076-12-14 330.485 204.396 281.626800645	
2145-11-28 324.152 198.375 278.156134469	
2026-12-27 334.548 201.669 278.960785319	
2015-12-30 324.211 202.466 278.640207995	
2075-12-15 329.837 206.25 283.010905651	
2201-11-15 330.571 205.376 281.20599491	
2136-01-01 327.075 192.762 277.923776339	
2181-11-19 326.484 201.345 279.678571461	
2115-12-06 321.655 204.245 277.469596771	
2212-01-02 336.688 208.237 282.125904919	
2007-01-01 324.956 199.098 278.509219178	
2060-12-18 328.438 198.432 279.578064746	
2176-01-01 325.735 203.23 278.948105278	
2066-12-17 328.924 198.507 279.77431874	
2035-12-25 326.105 204.191 278.434505232	
2226-01-02 328.57 203.533 279.888845629	
2015-12-30 323.865 188.389 278.328475628	
4060-12-31 330.565 198.9 280.456690164	
4101-01-01 333.24 202.755 280.065666273	
2212-01-02 330.466 201.48 280.022011925	
2010-12-31 324.83 198.593 278.149404458	
2232-01-02 333.989 204.779 281.397291958	
3984-12-31 324.409 201.875 277.360258271	
2215-11-12 329.002 195.021 280.505838296	
2135-12-01 321.076 199.32 277.372077788	
2172-01-01 334.574 202.014 278.499927893	
2105-12-08 324.248 197.718 277.573260411	
2206-01-02 326.291 202.681 279.463439818	
2055-12-20 328.216 204.623 280.147932356	
2080-12-13 326.597 201.525 278.806636081	
2212-01-02 327.934 199.322 279.131076428	
2115-12-06 321.167 191.964 277.143842884	
