2162-01-01 327.816 204.058 278.58422671	
2176-01-01 325.83 199.799 278.798631703	
2155-11-26 324.255 199.515 277.862811303	
2182-01-01 329.553 199.866 278.425026974	
2105-12-08 322.863 201.333 277.830809826	
2232-01-02 334.365 207.496 283.063413979	
2241-11-05 325.88 199.521 280.339964233	
2055-12-20 325.444 193.577 278.799104213	
2055-12-20 325.759 202.254 278.769499185	
4051-01-01 329.988 201.649 279.189858805	
2172-01-01 334.211 202.35 279.67103542	
2242-01-02 331.358 206.81 282.086959689	
2095-12-10 332.242 205.079 280.966605867	
2242-01-02 334.942 203.542 281.383370969	
2135-12-01 330.946 201.159 277.744089491	
2085-12-12 330.04 205.746 281.555775309	
2196-01-01 326.331 201.375 280.095182556	
2095-12-10 327.942 206.106 278.939793402	
2015-12-30 324.318 197.817 278.305581465	
2075-12-15 325.911 200.842 279.537278987	
2060-12-18 328.216 204.035 279.533940193	
2136-01-01 330.217 199.479 277.705596111	
2135-12-01 324.504 196.368 277.934849571	
2065-12-17 326.624 194.103 278.915608706	
2232-01-02 327.005 199.945 281.845176921	
2055-12-20 333.681 202.148 280.627899973	
2206-01-02 326.25 201.376 280.060275333	
2085-12-12 329.322 210.508 282.816433641	
2065-12-17 327.745 202.452 280.134791303	
2035-12-25 324.759 205.947 279.637652188	
2086-12-12 334.396 201.692 281.640849851	
2206-01-02 326.809 204.662 279.597155141	
2192-01-01 329.391 200.809 280.217760043	
2070-12-16 330.461 205.324 282.304991049	
2205-11-14 324.807 201.287 279.135633786	
2105-12-08 326.752 193.899 277.076892941	
2251-11-03 331.524 205.903 284.539949886	
2096-12-09 333.267 208.601 282.510038907	
2231-11-08 331.332 201.134 281.62881792	
2055-12-20 328.542 203.317 281.214265091	
2015-12-30 324.304 203.53 279.005701412	
4060-12-31 326.0 205.081 279.399860873	
2115-12-06 323.651 196.932 276.820101339	
2232-01-02 337.431 204.256 283.379290125	
2055-12-20 324.777 201.122 280.996758213	
2246-01-02 330.392 202.33 282.302413812	
2006-01-01 324.833 202.292 279.287917844	
2075-12-15 324.938 199.736 279.482142891	
2025-12-27 322.242 194.857 278.009495834	
2055-12-20 326.153 201.624 280.024346973	
2015-12-30 325.337 202.834 279.344956158	
2171-11-22 325.439 197.148 279.684122095	
2162-01-01 327.56 196.843 277.989545764	
2025-12-27 324.88 202.636 279.321129039	
2085-12-12 325.651 203.864 280.786366984	
2227-01-02 326.138 199.123 280.1619792	
2226-01-02 327.75 199.453 280.864632868	
2186-01-01 332.972 199.147 279.064319172	
2045-12-22 325.789 205.703 280.014194311	
2146-01-01 333.311 198.138 277.455571754	
2085-12-12 325.757 200.22 280.283337256	
2065-12-17 324.614 202.617 279.00612506	
2015-12-30 328.761 200.484 278.009657539	
2025-12-27 324.457 198.035 278.685819206	
2242-01-02 335.775 210.03 283.731067102	
