2195-11-16 335.213 196.994 279.647854248	
2242-01-02 325.425 204.665 280.233671238	
2096-12-09 334.968 202.062 279.765659754	
4060-12-31 328.479 203.797 280.332541947	
2231-11-08 327.12 205.065 281.351488127	
2162-01-01 327.566 198.743 278.632032735	
2196-01-01 325.675 206.208 279.518269348	
2075-12-15 328.451 207.77 282.170917115	
2241-11-05 330.877 205.761 283.804135647	
2225-11-09 329.134 194.744 280.837985869	
2055-12-20 326.49 205.851 279.663267239	
2055-12-20 325.482 202.467 280.182391403	
2185-11-18 328.091 200.051 279.367959773	
2126-01-01 324.351 198.242 277.713627101	
2241-11-05 328.082 203.868 280.518148596	
2196-01-01 326.469 195.979 279.286312144	
2086-12-12 334.312 202.699 279.752649627	
2242-01-02 337.95 207.358 284.444123741	
2065-12-17 327.436 204.245 280.914231387	
2006-01-01 325.124 205.851 279.085741553	
2076-12-14 330.706 197.016 279.738860191	
2020-12-28 324.622 192.86 278.427474037	
2206-01-02 324.93 198.173 279.632422172	
2146-01-01 328.132 205.535 278.60626604	
2125-12-03 322.355 199.258 277.402822616	
2025-12-27 324.786 198.651 278.930262392	
2192-01-01 325.203 200.623 279.254609734	
2212-01-02 330.423 201.328 280.463895717	
2075-12-15 331.361 203.57 281.534820562	
4101-01-01 336.122 209.222 283.005181397	
2035-12-25 334.423 196.818 279.327515041	
2136-01-01 325.03 200.95 277.601816876	
2135-12-01 322.655 204.206 278.012315556	
2105-12-08 321.991 189.192 276.995108814	
2085-12-12 332.33 205.19 283.212075936	
2016-12-29 327.424 203.987 278.600225125	
2036-12-24 336.005 198.914 279.668072977	
2171-11-22 324.657 200.58 278.670812192	
2145-11-28 321.915 196.773 277.464166108	
2010-12-31 323.493 201.393 278.116838927	
2105-12-08 326.848 190.229 277.091007089	
2191-11-17 328.07 207.058 280.177751073	
2161-11-24 326.112 197.587 278.137111451	
2125-12-03 324.49 193.905 277.166015559	
2242-01-02 328.187 200.501 281.471557022	
2231-11-08 333.946 203.178 283.091523059	
2126-01-01 325.682 204.154 278.092622128	
2046-12-22 334.15 200.672 279.38579002	
2015-12-30 323.919 201.372 278.049988161	
2135-12-01 325.981 201.38 278.25356831	
2045-12-22 326.226 202.617 279.583712802	
2115-12-06 322.027 197.002 277.35141049	
2105-12-08 321.666 198.404 276.916701692	
2106-01-01 327.507 199.991 277.741067176	
2211-11-13 330.367 198.971 279.978422127	
2146-01-01 323.671 202.008 277.974281522	
2116-01-01 322.384 202.938 277.486020462	
2065-12-17 329.95 207.897 281.147374215	
2145-11-28 333.622 198.646 278.069256078	
2162-01-01 332.141 201.91 278.097018716	
2201-11-15 325.336 202.54 279.216702686	
2221-11-10 329.058 204.572 280.745469048	
2135-12-01 322.141 200.064 277.701775969	
2212-01-02 331.689 207.661 281.795205805	
2085-12-12 328.982 204.392 280.9900069	
