2155-11-26 330.164 200.215 278.0331914	
2192-01-01 327.448 197.055 278.587699511	
2162-01-01 325.231 204.269 278.696464493	
2135-12-01 325.101 196.745 277.515377952	
2151-01-01 330.578 204.175 278.082844409	
2186-01-01 327.329 199.739 279.038657279	
2070-12-16 328.472 199.443 280.73463988	
2115-12-06 324.07 196.025 277.928989439	
2252-01-02 331.78 210.454 282.919900779	
2035-12-25 326.795 200.572 279.422569065	
2095-12-10 328.884 212.028 282.83936886	
2202-01-02 328.742 201.926 279.032363974	
2146-01-01 328.537 199.107 278.250104714	
2186-01-01 325.696 193.498 279.085981318	
2135-12-01 324.937 196.361 277.608273289	
2247-01-02 331.618 208.222 282.561790837	
2046-12-22 328.641 204.172 279.44464948	
2106-01-01 323.471 195.245 277.703654589	
2080-12-13 324.654 203.357 278.873007941	
2212-01-02 336.058 204.041 281.367873599	
2171-11-22 330.674 202.813 278.317283319	
2046-12-22 325.405 195.526 279.509050691	
2085-12-12 326.763 202.938 280.41771608	
2125-12-03 322.314 203.586 276.942159112	
2162-01-01 326.263 200.296 279.21695854	
2045-12-22 325.356 202.971 279.919557784	
2076-12-14 328.516 208.59 281.633403122	
2035-12-25 324.28 199.657 279.305651101	
2056-12-19 331.6 200.892 279.068481463	
2145-11-28 325.316 199.958 277.936632735	
2242-01-02 333.217 209.346 281.359259015	
2226-01-02 336.071 195.11 281.400506821	
2145-11-28 323.626 201.423 277.230698187	
2155-11-26 325.673 195.046 279.053725497	
2155-11-26 324.66 193.698 278.365560847	
2146-01-01 323.927 200.23 278.284327798	
4020-12-31 325.647 199.767 278.578101483	
2135-12-01 323.237 198.305 277.693058626	
2162-01-01 324.801 197.076 278.771797697	
2076-12-14 330.429 199.354 279.654673195	
2211-11-13 327.365 206.55 281.915765574	
2055-12-20 326.888 202.833 280.189607227	
2136-01-01 324.868 201.725 278.333976255	
2035-12-25 329.113 198.198 279.311690744	
2161-11-24 323.27 199.189 278.02207053	
2206-01-02 325.746 207.916 279.825400196	
2222-01-02 327.981 202.905 279.167378687	
2016-12-29 329.572 204.98 278.804836974	
2036-12-24 330.188 200.921 279.093484286	
2135-12-01 325.68 200.112 277.536468645	
2115-12-06 322.736 201.179 277.583007324	
2197-01-01 326.678 202.413 279.764487891	
2045-12-22 326.376 198.115 280.259676576	
2162-01-01 323.415 198.009 278.325604754	
2130-12-02 325.067 204.48 278.074635397	
2246-01-02 330.679 203.98 282.572442154	
2046-12-22 326.351 202.034 279.240059279	
2155-11-26 325.621 197.502 278.316556845	
2222-01-02 333.097 202.558 280.790696478	
2015-12-30 325.322 206.335 279.725107976	
2145-11-28 323.443 202.077 278.928769625	
2245-11-04 337.851 205.542 282.619669845	
2185-11-18 326.903 194.636 278.85946073	
2006-01-01 326.341 202.523 277.988987274	
