2085-12-12 324.993 198.819 279.301236442	
2006-01-01 323.264 199.298 278.416108408	
4040-12-31 327.314 200.585 279.009112295	
2197-01-01 325.42 201.986 279.639119859	
4080-12-31 331.24 205.142 281.850307937	
2135-12-01 322.846 198.624 277.43348522	
2080-12-13 327.039 202.826 280.443815901	
2195-11-16 330.034 201.316 279.280265633	
2025-12-27 330.733 198.168 278.497851284	
2156-01-01 326.706 200.993 278.44102613	
2156-01-01 333.888 197.209 278.396231653	
2025-12-27 324.934 205.962 279.571821669	
2050-12-21 328.142 195.637 278.856420418	
2191-11-17 324.242 202.726 279.300027101	
2232-01-02 334.376 202.343 282.989814392	
2055-12-20 326.932 200.794 279.398932557	
2105-12-08 326.489 195.288 277.0772393	
2191-11-17 324.209 202.542 280.263341848	
2076-12-14 328.707 199.722 281.242514828	
2045-12-22 325.639 200.338 280.580595033	
2106-01-01 329.678 200.893 277.50190617	
2055-12-20 326.702 199.898 281.019221216	
2165-11-23 327.003 198.844 278.427885603	
2096-12-09 328.347 199.858 279.786333084	
2095-12-10 333.599 204.716 281.171468307	
2025-12-27 325.942 204.389 279.956525007	
2070-12-16 326.14 199.533 279.936154975	
4031-01-01 324.913 201.788 278.579573443	
2206-01-02 333.138 203.397 280.133668318	
2156-01-01 326.783 200.978 278.458461516	
2105-12-08 323.242 192.349 277.374264182	
2155-11-26 326.01 200.56 278.790425625	
2015-12-30 325.187 204.112 279.628660161	
2055-12-20 328.741 197.066 279.54517976	
2126-01-01 334.347 194.98 277.626709562	
2156-01-01 330.102 196.257 278.169594621	
2095-12-10 328.802 205.682 284.182444654	
2035-12-25 325.617 202.356 278.913074304	
4011-01-01 325.891 199.293 277.798467926	
2036-12-24 326.134 200.919 278.94292616	
2145-11-28 323.956 201.539 277.843754425	
2196-01-01 324.743 205.407 279.287280777	
2115-12-06 322.349 201.145 277.122244382	
2075-12-15 325.54 200.905 280.435988767	
2161-11-24 323.804 196.224 279.265670903	
2192-01-01 327.707 203.768 279.274019264	
2222-01-02 325.665 204.236 279.34707814	
2212-01-02 336.451 210.501 281.631883952	
2181-11-19 324.777 200.655 280.148954384	
2195-11-16 331.94 196.113 279.559744185	
2006-01-01 324.607 204.229 278.337987722	
2075-12-15 330.44 198.748 279.246662579	
2036-12-24 328.506 202.61 279.098354966	
2095-12-10 327.552 203.719 280.195470192	
2201-11-15 328.015 202.597 279.642834972	
2035-12-25 332.464 199.799 278.6869577	
2006-01-01 323.135 194.198 277.836915523	
2007-01-01 327.877 192.966 278.1848319	
2106-01-01 323.685 198.904 277.395387274	
2212-01-02 336.175 198.876 282.190477549	
2045-12-22 329.662 204.107 280.412476281	
2162-01-01 325.406 200.173 278.046003456	
2075-12-15 326.839 203.822 280.463629077	
2045-12-22 323.197 198.269 278.276725554	
