2242-01-02 333.3 200.491 279.489820453	
2060-12-18 328.842 197.358 281.466511613	
2202-01-02 329.207 199.822 280.55579365	
2156-01-01 324.308 201.355 278.60432397	
2055-12-20 328.514 200.336 280.547717759	
2065-12-17 327.745 201.468 278.926906507	
2176-01-01 323.588 198.856 278.594830603	
2025-12-27 324.779 195.318 278.379971135	
2196-01-01 325.1 200.048 279.770347796	
2136-01-01 324.28 196.346 277.718606421	
3984-12-31 327.171 200.151 277.717744525	
2055-12-20 326.834 195.302 279.039776923	
2025-12-27 325.3 202.767 279.719524395	
2105-12-08 328.345 200.221 277.270551172	
2212-01-02 328.897 206.037 279.845568209	
2036-12-24 325.645 197.712 279.229581905	
2125-12-03 324.257 196.339 278.082364556	
2232-01-02 339.34 209.53 283.386663189	
2105-12-08 324.607 194.786 277.79337635	
2251-11-03 329.763 201.046 282.869195949	
2055-12-20 326.46 203.959 281.042606449	
2115-12-06 329.02 195.062 276.971686256	
2227-01-02 327.538 201.088 280.243697178	
2050-12-21 327.098 203.485 280.416962059	
4040-12-31 330.615 200.667 278.7324262	
2206-01-02 329.196 199.772 279.561359764	
2006-01-01 325.494 201.68 278.136038511	
2115-12-06 323.421 199.79 277.190163603	
2075-12-15 329.231 203.321 282.337205538	
2121-01-01 324.451 200.005 277.694729137	
3955-01-01 328.749 193.844 277.349456186	
2006-01-01 324.332 201.339 279.201683195	
2015-12-30 324.874 198.571 278.572776138	
2121-01-01 322.653 200.6 277.43128965	
2231-11-08 328.823 202.747 281.569929462	
2232-01-02 331.046 203.888 281.276820999	
2085-12-12 325.915 206.229 280.999666745	
2145-11-28 324.431 195.81 277.999204878	
2221-11-10 327.661 195.305 281.15407789	
2235-11-07 327.486 201.679 279.803234428	
2145-11-28 324.78 201.12 278.492445392	
2055-12-20 326.972 199.266 279.900674999	
2055-12-20 325.108 201.649 280.102862332	
2212-01-02 335.897 204.006 280.971913575	
2050-12-21 328.688 205.703 281.215841221	
2094-12-10 321.45 199.511 277.238810392	
2225-11-09 332.436 196.321 281.360582522	
2155-11-26 330.681 199.436 277.961611075	
2075-12-15 335.445 199.465 280.12131701	
2095-12-10 325.817 201.289 278.853568757	
2135-12-01 326.81 199.895 277.331164077	
2145-11-28 324.472 196.023 277.724369377	
2015-12-30 325.731 203.526 278.500711724	
2162-01-01 327.675 202.071 278.519543762	
4080-12-31 328.101 201.487 280.105005431	
2196-01-01 326.727 197.101 279.697210482	
2202-01-02 333.488 203.24 281.010190747	
2045-12-22 327.452 203.937 278.777414939	
2066-12-17 331.335 199.863 279.504504724	
2172-01-01 331.937 199.009 278.235391401	
2235-11-07 329.043 192.604 281.310606056	
2172-01-01 324.561 199.308 278.504700066	
2035-12-25 325.716 200.195 278.972561541	
2075-12-15 327.951 202.004 281.165733412	
