2015-12-30 325.293 203.089 278.282612102	
2035-12-25 326.074 199.816 278.512392578	
2115-12-06 320.71 199.057 276.4467785	
2197-01-01 328.862 203.187 279.430019904	
2177-01-01 331.858 199.264 278.471820236	
2105-12-08 323.474 191.508 277.138609867	
2055-12-20 325.405 202.593 278.985877111	
2191-11-17 325.797 200.467 280.490229562	
2222-01-02 326.414 196.068 279.125708324	
2046-12-22 327.846 198.427 279.128509886	
2140-11-29 322.617 200.73 278.069449114	
2080-12-13 328.578 201.065 280.397819265	
2106-01-01 324.341 191.575 277.70270797	
2156-01-01 324.133 195.44 278.807369507	
2075-12-15 324.767 201.347 279.230183898	
2006-01-01 323.814 200.681 278.186758524	
2231-11-08 330.284 202.977 281.188765742	
2085-12-12 328.831 201.894 280.494492743	
2242-01-02 329.115 205.826 281.482406224	
4020-12-31 330.709 198.626 278.416200016	
2085-12-12 327.496 200.434 280.33234733	
2006-01-01 328.531 198.581 278.282765036	
2116-01-01 322.598 198.887 277.55496949	
2182-01-01 329.095 201.181 280.305082616	
2090-12-11 330.703 201.966 281.09577957	
2145-11-28 329.038 202.731 277.69369419	
2202-01-02 329.817 201.073 279.154335528	
2252-01-02 338.584 202.335 284.306379209	
2035-12-25 324.341 202.626 278.990139283	
2162-01-01 327.895 201.117 278.771109419	
2075-12-15 326.859 204.606 280.339719398	
2201-11-15 327.359 205.812 281.028885282	
2191-11-17 328.672 201.193 280.436299602	
2025-12-27 325.717 203.088 279.830148173	
2025-12-27 326.722 201.821 278.541377568	
2126-01-01 323.277 190.693 277.640369924	
2006-01-01 329.426 198.65 278.315322825	
2040-12-23 329.441 202.695 278.882041829	
2167-01-01 325.592 202.503 278.344985527	
4040-12-31 325.639 202.382 278.585031333	
2206-01-02 327.069 202.668 280.668352687	
2055-12-20 326.122 205.948 281.509392562	
2016-12-29 326.166 202.346 278.717164737	
2085-12-12 327.568 202.436 280.452867193	
2026-12-27 325.421 201.618 279.323034016	
2055-12-20 325.26 206.831 281.476377391	
2006-01-01 323.831 203.474 278.469631166	
2172-01-01 328.913 191.433 279.154310521	
2015-12-30 329.599 205.089 279.717314886	
2026-12-27 325.976 200.052 278.521320112	
2206-01-02 326.795 201.705 280.300294326	
2166-01-01 325.481 201.34 278.950724989	
2085-12-12 331.691 203.779 282.297027841	
2221-11-10 335.491 208.14 281.036785292	
4031-01-01 325.697 201.259 278.932124074	
2232-01-02 327.639 200.21 279.40267757	
2242-01-02 336.64 208.724 284.039682349	
2211-11-13 326.361 197.749 279.612036859	
2015-12-30 329.495 200.478 278.385199799	
2197-01-01 326.557 203.217 279.549718245	
2211-11-13 328.289 201.731 280.305489719	
2090-12-11 330.074 203.865 280.969718748	
2055-12-20 325.443 199.206 279.712147218	
2015-12-30 324.925 201.029 278.494347369	
2106-01-01 323.663 189.647 277.610727708	
