2045-12-22 330.774 203.278 280.433686553	
2075-12-15 331.226 204.661 281.099098125	
2145-11-28 323.851 202.958 278.179225206	
2221-11-10 327.506 208.779 282.091276619	
2065-12-17 328.878 200.68 279.792524259	
2130-12-02 323.488 202.176 277.579949385	
2055-12-20 327.382 199.374 280.200578994	
2120-12-04 322.462 195.317 277.293601463	
2135-12-01 325.372 203.43 278.182786626	
2202-01-02 328.495 205.117 280.638986551	
2015-12-30 323.189 199.91 278.431504775	
2115-12-06 322.027 201.095 277.768731536	
2182-01-01 327.231 200.854 279.67777217	
2126-01-01 322.501 197.936 277.897972497	
2145-11-28 322.888 203.115 278.000352194	
2201-11-15 326.363 207.543 280.520602631	
2105-12-08 323.969 203.205 278.055796555	
2106-01-01 324.112 204.733 278.362760381	
2055-12-20 330.953 205.007 281.397203148	
2205-11-14 329.265 201.414 279.054266059	
2006-01-01 325.962 203.244 278.300564248	
2212-01-02 328.966 199.511 280.001959528	
2242-01-02 333.708 204.47 281.373046789	
2186-01-01 325.589 206.509 279.159267178	
2085-12-12 327.185 201.462 279.974038262	
2055-12-20 334.091 199.095 279.172843897	
2085-12-12 330.264 207.454 279.671796341	
2242-01-02 338.922 207.23 284.265637556	
2212-01-02 330.386 206.666 280.701952943	
2050-12-21 333.603 200.518 280.723541296	
2105-12-08 322.957 195.86 277.189503059	
2212-01-02 329.159 197.907 280.994049504	
2025-12-27 323.336 191.768 278.423149648	
2245-11-04 327.993 192.443 280.058874008	
2025-12-27 325.426 196.559 278.714523746	
2140-11-29 331.336 198.101 278.294527466	
2040-12-23 334.499 202.763 280.283428797	
4091-01-01 334.229 202.779 280.015255037	
2085-12-12 333.295 210.872 283.372337742	
2125-12-03 325.2 191.864 277.416732335	
3955-01-01 324.855 201.848 277.542378403	
2222-01-02 329.334 202.993 280.31680467	
2045-12-22 329.297 208.254 281.35492952	
2125-12-03 323.58 200.213 277.496055896	
2252-01-02 330.677 201.931 280.669798944	
3975-01-01 326.254 201.204 277.123781352	
2246-01-02 331.617 202.944 280.057519782	
2070-12-16 328.179 202.922 281.086992568	
2035-12-25 326.356 203.51 279.225144174	
2040-12-23 333.414 204.266 278.506623951	
2146-01-01 331.951 196.313 278.426606713	
2035-12-25 324.228 199.321 279.246531871	
2030-12-26 323.858 196.461 278.51004159	
2020-12-28 325.311 204.024 279.250691299	
2085-12-12 330.35 210.689 283.75915331	
2065-12-17 331.305 208.603 282.231438301	
2182-01-01 334.359 200.533 279.973443339	
2085-12-12 330.917 207.24 282.540778308	
2252-01-02 329.732 199.024 279.738091019	
2085-12-12 331.047 203.871 281.998552579	
2006-01-01 324.241 204.606 279.192513548	
2212-01-02 332.235 198.321 279.827892055	
2007-01-01 332.864 200.502 278.236266279	
2196-01-01 326.895 203.561 279.777386841	
