2212-01-02 329.355 198.319 278.992328892	
4101-01-01 328.235 204.182 280.418633919	
2006-01-01 324.096 198.951 278.102961183	
2085-12-12 330.803 203.873 280.010449299	
2161-11-24 323.304 201.922 279.081301046	
2015-12-30 325.867 200.741 278.714458803	
2232-01-02 324.281 201.18 280.262281751	
2172-01-01 334.918 200.861 278.258534296	
2085-12-12 325.818 200.591 280.201942784	
2186-01-01 325.545 199.721 279.174985442	
2125-12-03 322.57 197.121 277.426998236	
2232-01-02 330.342 202.876 281.431550471	
2035-12-25 324.25 205.212 278.949676257	
2252-01-02 335.486 202.634 281.815871826	
2231-11-08 328.562 195.74 281.64979762	
2045-12-22 326.285 202.911 278.61096963	
2246-01-02 325.872 194.298 279.924244747	
2065-12-17 327.596 205.939 280.123832954	
2176-01-01 324.382 195.151 279.016066379	
2185-11-18 326.299 198.065 279.195067034	
2176-01-01 324.581 198.725 279.085683236	
2171-11-22 334.776 198.552 278.837108792	
2242-01-02 334.308 205.086 281.375523537	
2232-01-02 334.696 207.753 281.157793205	
2045-12-22 334.086 200.72 280.570569093	
2176-01-01 324.945 197.156 279.087962612	
2065-12-17 329.174 204.827 280.508405961	
2145-11-28 325.064 196.381 278.28305674	
2237-01-02 328.66 202.81 281.920393362	
4080-12-31 327.121 201.943 280.126934314	
2106-01-01 322.97 199.305 277.394942209	
2182-01-01 328.14 202.15 280.161099171	
2045-12-22 326.808 195.052 279.037092637	
2135-12-01 325.052 201.049 277.425200669	
2105-12-08 322.212 196.897 277.294646346	
2035-12-25 326.769 202.393 279.923687456	
2232-01-02 334.171 205.92 281.327886832	
2075-12-15 328.437 201.975 280.364012935	
2007-01-01 327.204 204.448 278.356301478	
2182-01-01 328.852 204.016 280.038214106	
2136-01-01 325.991 203.121 277.781426449	
2212-01-02 330.863 195.04 278.928194174	
2136-01-01 323.845 201.083 278.221124523	
2192-01-01 326.828 201.408 278.989796684	
4060-12-31 332.247 200.458 280.247202457	
2060-12-18 326.033 198.493 279.057691072	
2162-01-01 323.867 205.898 278.914314756	
2125-12-03 321.902 198.882 277.38107793	
2026-12-27 325.935 198.479 278.618733709	
2015-12-30 324.296 203.554 279.429658832	
2015-12-30 323.907 200.887 278.673934747	
2095-12-10 327.411 198.414 279.055253011	
2105-12-08 322.361 197.269 277.128197435	
2205-11-14 330.12 197.606 279.322011196	
2186-01-01 325.968 199.737 279.140863159	
2145-11-28 326.11 197.028 278.436773227	
2035-12-25 324.026 192.092 278.256396158	
4080-12-31 336.697 185.106 281.16014622	
2100-12-09 322.023 200.763 277.381850569	
2116-01-01 323.683 202.533 277.247860046	
2045-12-22 325.142 204.303 279.658677977	
2212-01-02 325.02 198.352 279.706620149	
2192-01-01 329.448 207.747 280.398910532	
2237-01-02 326.551 205.633 280.347218293	
