2080-12-13 329.582 203.031 282.509165597	
2076-12-14 334.896 198.133 279.713272886	
2035-12-25 331.564 200.033 279.194015118	
2211-11-13 329.778 201.37 280.784257743	
2236-01-02 336.25 210.847 281.977669806	
2241-11-05 332.478 202.745 280.242858818	
2025-12-27 324.262 202.178 279.656835179	
2145-11-28 324.418 197.149 277.915446235	
2050-12-21 325.033 201.185 278.787915254	
2075-12-15 327.165 202.065 279.54630598	
2065-12-17 326.241 202.27 279.63879859	
2015-12-30 325.047 201.689 278.327624283	
2025-12-27 325.306 199.098 278.727122571	
2212-01-02 332.314 208.409 281.789544158	
2075-12-15 335.646 204.112 281.816302563	
2045-12-22 327.321 206.981 281.234125523	
2182-01-01 335.782 195.362 278.620727363	
2006-01-01 325.473 196.447 278.047045778	
2116-01-01 326.439 202.514 277.567021456	
2222-01-02 335.517 203.819 280.485576699	
4071-01-01 333.236 204.086 281.093766845	
2125-12-03 323.799 204.542 277.526546275	
2125-12-03 321.945 195.577 277.81500162	
2202-01-02 332.238 207.108 281.256106033	
2135-12-01 322.705 200.387 277.407904344	
2171-11-22 325.955 198.57 279.758367375	
2080-12-13 327.043 197.039 278.796274321	
2146-01-01 325.838 203.439 278.719777156	
2125-12-03 324.409 190.969 277.20495935	
2177-01-01 331.86 194.334 278.749700767	
2055-12-20 326.894 205.084 278.850083838	
2176-01-01 329.315 201.485 279.263020934	
2192-01-01 326.09 198.306 278.504551404	
2135-12-01 332.501 197.361 277.851216954	
2227-01-02 326.983 197.457 280.244620562	
2100-12-09 324.59 200.297 277.658361869	
2241-11-05 326.495 202.372 280.239006302	
2226-01-02 328.346 203.446 280.002770028	
2165-11-23 332.095 197.964 278.532960958	
2094-12-10 322.206 200.346 277.271223545	
2232-01-02 330.924 206.92 281.348512987	
2015-12-30 321.743 199.178 277.880388088	
2251-11-03 326.792 198.574 281.137855328	
2125-12-03 326.793 196.276 277.370107868	
2055-12-20 325.52 199.135 278.663185506	
2056-12-19 328.092 200.651 279.682381952	
2010-12-31 323.888 207.878 278.842736236	
2135-12-01 323.477 198.527 277.797986192	
2045-12-22 329.156 204.365 278.690802847	
2145-11-28 325.039 198.971 278.870421361	
2055-12-20 327.722 204.642 279.579087861	
2135-12-01 333.474 199.403 277.348243928	
2006-01-01 322.206 203.203 277.971643679	
4031-01-01 324.362 197.549 278.793428759	
2055-12-20 324.747 197.577 279.693898404	
2006-01-01 322.832 197.415 278.382668092	
4071-01-01 326.183 203.265 279.626834554	
2105-12-08 326.994 194.513 278.038471241	
4011-01-01 327.959 207.567 278.354071789	
2105-12-08 323.681 200.729 278.07382633	
2040-12-23 325.444 199.284 278.570514213	
2006-01-01 322.969 198.172 278.363553379	
2212-01-02 326.539 205.219 280.417531217	
2085-12-12 327.773 199.472 281.136881471	
