2135-12-01 324.184 201.784 277.584980616	
2216-01-02 329.042 205.764 280.696245415	
2116-01-01 323.39 202.277 277.882257225	
2085-12-12 335.398 202.735 280.388717121	
2201-11-15 324.708 196.746 280.581859427	
2222-01-02 333.048 199.218 280.854328946	
2035-12-25 326.389 204.66 280.008197041	
2246-01-02 328.56 207.556 282.494577304	
2232-01-02 335.977 208.022 283.130288686	
2125-12-03 326.171 192.206 277.547638737	
2182-01-01 324.191 201.321 278.599729715	
2135-12-01 324.507 200.789 277.450160198	
2035-12-25 323.965 192.024 278.479856554	
2055-12-20 325.046 198.899 279.684676583	
4051-01-01 328.366 201.52 279.652768218	
2135-12-01 326.073 198.534 278.288936949	
2095-12-10 329.574 185.686 279.257599513	
4051-01-01 324.669 191.46 279.045056848	
2020-12-28 327.004 201.281 278.546046529	
2055-12-20 324.988 199.744 278.785953937	
2202-01-02 329.993 205.749 281.250599805	
2095-12-10 329.042 205.46 280.979579835	
2025-12-27 326.354 198.848 278.557496708	
2066-12-17 327.739 199.199 279.400835009	
2231-11-08 327.179 202.187 280.178796982	
2035-12-25 326.898 201.895 278.736279449	
2065-12-17 335.027 203.632 280.743680739	
2090-12-11 328.776 201.849 280.935433514	
2015-12-30 324.383 205.911 279.621177906	
2252-01-02 335.053 194.063 281.233037599	
2166-01-01 325.41 201.651 278.602457553	
2206-01-02 334.877 194.999 280.447592519	
2191-11-17 326.481 199.474 279.477440961	
2035-12-25 328.326 201.068 280.086409841	
4011-01-01 324.656 201.429 278.252242109	
2010-12-31 325.027 201.723 278.116294717	
2010-12-31 323.722 197.288 278.23565087	
2015-12-30 324.109 199.116 278.265059983	
2162-01-01 325.251 200.803 278.298328941	
2146-01-01 323.414 202.373 278.124239252	
2045-12-22 327.351 201.461 280.107668069	
2206-01-02 328.249 194.653 279.735845713	
2026-12-27 333.123 204.614 279.018887118	
2216-01-02 326.876 203.429 280.46273841	
2176-01-01 324.791 202.134 278.85148418	
2145-11-28 329.869 203.041 277.871961073	
2202-01-02 326.326 203.431 278.888875358	
2162-01-01 328.186 197.705 278.955656896	
2251-11-03 333.466 207.017 284.383666236	
2201-11-15 328.043 203.352 279.687656242	
2040-12-23 326.98 205.859 280.413437657	
4040-12-31 330.64 195.667 279.357843141	
2242-01-02 328.047 201.39 279.635313268	
4031-01-01 324.895 202.279 278.499347934	
2202-01-02 334.686 195.82 279.961547961	
2115-12-06 323.782 198.308 277.197146201	
2246-01-02 331.254 206.441 281.880838502	
2056-12-19 325.771 202.879 279.415641875	
2015-12-30 324.346 202.731 278.314045624	
4071-01-01 325.719 196.487 279.70238421	
2252-01-02 327.731 201.279 280.488675989	
2202-01-02 331.614 204.195 280.735412164	
2055-12-20 326.981 200.738 278.690559548	
2125-12-03 322.084 199.81 277.118066421	
