2035-12-25 325.383 201.58 280.859346719	
2015-12-30 322.705 207.532 279.419068223	
2222-01-02 330.825 204.871 279.379391066	
2020-12-28 325.664 201.8 278.32520608	
2095-12-10 330.919 206.345 283.088156134	
2216-01-02 325.099 199.26 279.545201212	
2006-01-01 330.864 204.041 279.397376345	
4080-12-31 336.306 199.09 279.992632986	
4031-01-01 328.265 197.408 279.085604608	
2130-12-02 322.2 201.244 277.874532519	
2126-01-01 323.071 199.126 277.764062038	
2211-11-13 327.803 203.319 280.975843424	
2115-12-06 321.856 206.362 277.182669681	
2247-01-02 327.336 202.111 280.329202248	
2090-12-11 324.877 201.1 278.842815166	
2202-01-02 328.743 201.142 278.96213886	
2125-12-03 324.198 205.099 278.005721403	
2145-11-28 323.5 201.403 277.481852088	
2120-12-04 325.035 200.172 277.544699991	
2010-12-31 325.643 203.726 278.117840273	
2105-12-08 322.713 198.54 276.861738776	
2196-01-01 331.101 202.254 279.641476477	
2125-12-03 335.06 197.704 277.705120401	
2006-01-01 326.626 198.811 278.294108308	
2225-11-09 330.477 194.263 280.961164831	
2066-12-17 328.902 204.286 281.273492352	
2171-11-22 323.644 203.485 278.126308603	
2221-11-10 327.099 210.074 282.35255606	
2125-12-03 325.178 193.77 277.208184822	
2105-12-08 324.328 201.429 276.837515262	
2252-01-02 330.035 207.268 282.771919655	
2202-01-02 328.465 204.855 280.625998068	
2125-12-03 323.793 200.338 277.799992706	
2055-12-20 326.059 207.413 279.67257565	
2085-12-12 328.93 202.561 282.922682904	
2222-01-02 327.224 198.085 278.940920703	
2085-12-12 328.137 205.905 281.072216346	
2172-01-01 328.02 201.585 279.439827594	
2086-12-12 327.297 202.293 279.678312228	
2105-12-08 323.395 200.728 277.294779252	
2192-01-01 328.39 200.657 280.203128571	
2015-12-30 323.683 199.39 278.687312275	
2235-11-07 333.579 200.62 281.751506621	
2075-12-15 325.438 203.424 280.265739722	
2055-12-20 326.093 206.036 280.130348659	
2020-12-28 324.073 201.493 278.136365184	
2016-12-29 329.342 197.105 278.434990017	
2252-01-02 327.663 201.812 280.512120927	
2236-01-02 329.588 204.241 281.783711073	
2176-01-01 327.275 195.129 279.290935163	
2085-12-12 326.187 205.368 279.324246274	
2146-01-01 324.427 198.145 278.447388284	
4051-01-01 330.299 205.227 280.199258498	
2171-11-22 330.368 198.936 278.440145555	
3955-01-01 324.067 198.241 277.136055466	
2015-12-30 324.622 201.076 278.061786098	
2205-11-14 327.16 199.057 279.348542723	
2075-12-15 326.034 199.469 280.088683242	
2242-01-02 332.485 208.082 281.471648251	
2176-01-01 326.65 204.377 279.177012825	
4011-01-01 324.426 197.908 277.769720091	
2060-12-18 325.37 203.675 278.603841638	
2162-01-01 327.983 204.905 277.795098476	
2025-12-27 324.43 202.057 279.872799244	
2045-12-22 325.691 203.275 279.856813418	
