2242-01-02 333.973 202.88 281.533770754	
2182-01-01 329.891 192.622 278.399792212	
2186-01-01 328.694 198.873 279.460599963	
2155-11-26 326.904 200.486 278.298178032	
2191-11-17 327.487 201.846 279.310682059	
2090-12-11 326.905 200.48 279.112155617	
2066-12-17 333.161 203.003 279.523446256	
2035-12-25 323.883 196.918 278.271285746	
2126-01-01 323.462 195.952 277.444875593	
2085-12-12 332.753 206.726 282.551991696	
2211-11-13 331.945 202.49 280.214680416	
2155-11-26 329.883 191.043 278.146494237	
2242-01-02 335.805 207.662 283.758270249	
2161-11-24 325.443 197.525 278.348367619	
2085-12-12 331.225 205.534 283.15894721	
2045-12-22 328.325 202.699 278.927408317	
2045-12-22 333.43 199.277 278.632449739	
2016-12-29 327.664 198.671 278.361193805	
2125-12-03 323.837 197.595 277.269204983	
2215-11-12 327.499 200.65 279.185982394	
2105-12-08 328.232 192.786 277.422689563	
2196-01-01 331.232 204.752 279.623550378	
2025-12-27 322.898 196.403 279.68723045	
2116-01-01 322.19 202.069 277.546262127	
2075-12-15 328.23 204.54 280.479994986	
2196-01-01 326.423 201.846 280.002836071	
2095-12-10 327.768 205.94 280.623613775	
2025-12-27 325.691 204.235 279.870712206	
2006-01-01 323.808 198.151 278.241092971	
2045-12-22 325.095 202.569 280.021576097	
2025-12-27 324.165 196.737 278.692613186	
2196-01-01 332.262 201.164 279.381933591	
2155-11-26 328.83 195.292 278.46286694	
2060-12-18 329.56 203.692 281.855837691	
2202-01-02 332.35 204.859 280.265828533	
2202-01-02 328.219 203.904 279.432887585	
2201-11-15 327.233 208.41 280.137013696	
2015-12-30 325.87 198.481 278.260018694	
2245-11-04 326.303 204.046 279.581437867	
2035-12-25 325.353 205.362 279.826218324	
2015-12-30 323.294 205.177 278.015873427	
2106-01-01 327.73 198.203 277.419335363	
2096-12-09 326.875 195.466 279.686126963	
2085-12-12 326.699 200.103 279.093391253	
2055-12-20 325.047 202.055 279.644109232	
2126-01-01 325.662 203.32 278.158214064	
2115-12-06 322.886 199.524 277.169652018	
2106-01-01 334.493 194.958 277.356522501	
2167-01-01 325.965 199.011 278.497344791	
2192-01-01 330.213 201.885 278.616994539	
2085-12-12 330.046 196.868 279.010932543	
2211-11-13 327.79 203.863 281.319094627	
2136-01-01 322.666 199.768 277.974815473	
2100-12-09 322.72 202.46 277.528721983	
2176-01-01 330.276 201.208 278.932508586	
2192-01-01 326.86 201.346 280.096400982	
2045-12-22 324.397 201.238 279.17862377	
2115-12-06 323.82 195.38 277.113931755	
2106-01-01 325.008 200.911 277.955726632	
2065-12-17 329.317 201.455 281.585735402	
2006-01-01 325.908 198.484 278.278591038	
2126-01-01 321.895 202.612 278.057844952	
2222-01-02 333.599 200.061 280.309164387	
2035-12-25 326.565 201.901 278.572702727	
2080-12-13 327.638 201.334 280.507270795	
