2105-12-08 326.993 198.396 278.021112638	
2212-01-02 335.074 203.951 281.804449202	
2035-12-25 323.88 200.845 279.306322172	
2125-12-03 324.35 201.291 277.585316229	
2007-01-01 326.653 194.133 278.24053083	
2016-12-29 327.655 198.28 278.390093172	
2231-11-08 325.699 203.577 280.230068465	
2015-12-30 325.43 201.6 277.978135915	
2195-11-16 329.397 204.982 279.40046746	
2216-01-02 325.187 203.333 279.692081132	
2146-01-01 323.403 204.579 278.223149845	
2155-11-26 324.175 195.832 278.275197979	
2065-12-17 333.058 205.453 282.540078678	
2085-12-12 326.505 205.782 281.08621223	
2036-12-24 325.495 207.309 278.925002058	
2162-01-01 334.264 197.938 278.123934341	
2065-12-17 325.835 205.444 281.258015451	
2245-11-04 326.233 199.474 279.881887708	
2231-11-08 327.411 207.464 283.059995458	
2045-12-22 327.834 203.654 280.131372045	
2070-12-16 324.431 200.17 278.852153811	
2095-12-10 329.812 209.33 284.064549189	
2106-01-01 322.787 203.027 277.417203521	
2045-12-22 334.949 205.71 280.392116116	
2192-01-01 328.021 200.241 280.221556676	
2125-12-03 323.374 199.657 277.319409503	
4091-01-01 334.638 207.127 282.483428603	
2236-01-02 326.128 198.582 280.077222649	
2145-11-28 325.368 205.585 278.488892986	
2006-01-01 322.841 200.746 279.214738286	
2246-01-02 324.977 203.063 279.875835133	
2241-11-05 330.279 199.695 282.075775806	
2025-12-27 327.496 203.84 278.458217748	
2007-01-01 325.852 194.78 278.286813112	
2156-01-01 333.75 197.82 278.072118376	
2015-12-30 325.837 201.131 278.667527097	
2115-12-06 322.278 195.737 277.61913085	
2007-01-01 328.176 204.442 278.518440999	
2171-11-22 324.934 199.258 279.412696095	
2111-01-01 325.849 192.237 277.629345626	
2105-12-08 327.287 202.139 277.656698175	
2045-12-22 325.052 199.262 279.202167963	
2015-12-30 324.828 193.797 278.144934205	
2106-01-01 323.35 202.354 277.534175934	
2216-01-02 326.03 202.948 279.742663514	
2075-12-15 327.092 205.61 281.288499533	
2045-12-22 323.961 204.025 280.364807437	
2125-12-03 323.524 201.172 276.890096957	
2105-12-08 321.605 202.566 277.821062913	
2006-01-01 323.145 198.848 278.188898575	
2050-12-21 329.998 195.968 278.758767362	
2136-01-01 327.981 202.508 277.799855372	
2202-01-02 333.816 198.28 280.767561436	
2106-01-01 322.028 202.153 277.467836587	
2185-11-18 324.601 201.633 278.386840543	
2120-12-04 321.977 200.455 277.878232047	
2192-01-01 327.234 198.953 279.504119919	
2135-12-01 331.766 196.491 277.622600809	
2192-01-01 327.472 198.352 280.054060746	
2136-01-01 324.31 201.226 277.785721954	
2116-01-01 323.459 199.561 277.261411894	
4031-01-01 327.076 194.49 278.817192129	
4091-01-01 338.469 183.941 282.137529311	
2166-01-01 322.818 201.898 278.598340864	
