2176-01-01 328.203 203.162 279.230615772	
2126-01-01 326.394 197.138 277.791865819	
2035-12-25 326.643 203.06 279.147581304	
2115-12-06 323.208 196.14 277.267722348	
2120-12-04 322.127 201.792 277.558022254	
2192-01-01 324.849 196.044 278.511471318	
2065-12-17 331.534 200.617 278.989141802	
2116-01-01 323.944 200.715 277.792771656	
2130-12-02 323.096 195.502 277.826753189	
2065-12-17 326.372 194.89 280.034900062	
2135-12-01 332.689 200.559 277.484413413	
2242-01-02 332.12 203.824 281.448557614	
2025-12-27 322.967 203.243 278.328950246	
2181-11-19 325.55 202.791 279.902683857	
2025-12-27 326.966 204.511 279.004837913	
2135-12-01 330.289 197.927 277.567749233	
2035-12-25 324.153 207.868 280.050130897	
2015-12-30 323.397 199.757 278.398557332	
2236-01-02 332.452 208.994 281.497260006	
2222-01-02 335.818 205.95 282.755731908	
2116-01-01 321.806 200.112 277.330885151	
2006-01-01 324.099 202.711 278.184355655	
2096-12-09 335.544 204.375 279.810383418	
2231-11-08 328.339 205.989 280.222165304	
2176-01-01 328.982 198.702 278.931990754	
2226-01-02 324.571 208.056 279.835306666	
2070-12-16 330.784 201.92 282.337082814	
2172-01-01 332.66 206.808 279.582234658	
2075-12-15 334.368 200.002 280.282635852	
3984-12-31 323.45 190.618 277.256270226	
3984-12-31 324.819 198.805 277.333307176	
2025-12-27 324.119 196.622 278.70064772	
2075-12-15 334.709 206.01 283.403291066	
2025-12-27 324.997 200.061 279.375884291	
2136-01-01 323.677 202.165 278.455056322	
2212-01-02 327.379 203.529 280.275307347	
2225-11-09 328.694 198.224 279.752645023	
2136-01-01 322.651 198.002 278.101520415	
2242-01-02 338.663 205.914 283.704246439	
2010-12-31 324.594 200.571 278.460279021	
2236-01-02 330.005 196.282 281.472405774	
2045-12-22 324.521 197.479 278.772550698	
2105-12-08 332.655 196.733 277.278907094	
2186-01-01 329.038 201.833 279.294555763	
2095-12-10 326.27 202.152 280.053635994	
2125-12-03 321.969 203.65 277.356686148	
2006-01-01 325.606 205.158 279.046021217	
2015-12-30 322.263 200.609 277.607185885	
4040-12-31 327.526 204.508 279.128661418	
2181-11-19 324.435 200.483 278.655886444	
4060-12-31 326.674 200.624 280.327649619	
2045-12-22 326.785 203.915 280.619137484	
2192-01-01 329.01 205.4 280.41929246	
3955-01-01 324.842 195.727 277.439531292	
2065-12-17 326.799 199.689 279.533896656	
2156-01-01 323.312 206.507 278.965625835	
2125-12-03 323.832 197.196 277.272239674	
2235-11-07 326.362 198.006 279.769916784	
2162-01-01 325.991 202.344 278.807477172	
2192-01-01 335.005 199.691 279.317244423	
2161-11-24 324.724 197.199 278.327762163	
2090-12-11 324.248 203.298 278.84440426	
2055-12-20 326.367 198.113 278.955814946	
2045-12-22 326.86 200.994 279.058997176	
2015-12-30 323.962 200.563 278.385936859	
