4091-01-01 327.326 204.038 280.149382736	
4040-12-31 327.866 199.184 278.846034124	
2050-12-21 327.406 203.938 279.342160562	
2025-12-27 324.95 197.3 278.100817382	
2006-01-01 322.946 203.884 279.242802291	
2035-12-25 325.198 205.998 280.05925614	
2181-11-19 327.57 193.272 280.030859096	
2065-12-17 326.285 210.802 280.165162235	
2182-01-01 330.138 204.01 279.835859525	
2045-12-22 327.546 200.03 280.192742611	
2065-12-17 325.53 199.311 278.976037793	
2162-01-01 325.637 205.184 278.600771564	
2136-01-01 329.929 201.055 277.431768373	
2015-12-30 332.76 198.546 278.415349037	
2135-12-01 322.811 199.578 277.570974705	
2145-11-28 330.188 203.097 277.860235436	
2232-01-02 336.906 206.382 283.296385856	
2106-01-01 323.112 205.474 277.944642227	
2205-11-14 326.215 204.367 278.924629341	
2221-11-10 329.182 205.032 282.224047783	
2015-12-30 324.526 203.87 278.851260573	
2045-12-22 326.978 201.678 280.310093524	
2105-12-08 323.829 195.399 277.271649873	
2242-01-02 333.623 195.283 281.199844808	
2115-12-06 321.842 191.655 277.495351022	
2115-12-06 322.065 201.257 277.454099401	
2236-01-02 330.713 203.578 281.632824536	
2060-12-18 326.086 202.168 279.635468024	
2205-11-14 326.679 200.392 279.883770309	
2216-01-02 336.042 194.587 280.993571528	
2225-11-09 330.033 204.221 280.607980297	
2007-01-01 326.844 202.945 278.477981885	
2045-12-22 332.239 197.22 279.287640409	
2086-12-12 326.275 200.053 279.795143602	
2085-12-12 329.725 198.693 278.912582898	
4020-12-31 325.009 199.902 278.486164627	
2006-01-01 327.606 200.168 277.952049806	
2045-12-22 332.012 206.033 278.992132427	
2126-01-01 323.454 197.289 277.581819782	
2016-12-29 329.66 203.105 278.794359601	
2036-12-24 324.413 203.009 278.84100989	
2025-12-27 324.766 200.226 278.403459547	
2241-11-05 328.559 205.739 283.544099548	
2176-01-01 324.307 198.554 278.813817581	
2026-12-27 333.62 196.67 278.97479123	
2066-12-17 332.459 199.86 280.673944133	
2015-12-30 331.184 201.939 278.183511404	
2182-01-01 325.169 199.284 278.459517394	
2045-12-22 331.201 202.056 280.172092702	
2055-12-20 326.776 205.232 281.504086156	
2126-01-01 335.178 201.374 277.737401517	
2162-01-01 326.898 192.47 277.894835003	
2006-01-01 329.11 199.268 278.238257846	
2007-01-01 328.315 200.995 278.323375682	
2015-12-30 325.711 199.997 279.779015733	
2126-01-01 323.71 193.586 277.711865951	
2025-12-27 327.932 196.23 278.515570764	
2246-01-02 327.611 199.027 280.17827931	
2145-11-28 322.567 200.322 277.107285983	
2226-01-02 326.269 194.857 279.892257858	
2086-12-12 325.953 202.069 279.699028853	
2201-11-15 331.021 204.131 280.050475182	
2241-11-05 325.531 208.484 281.356439293	
2166-01-01 325.396 198.316 278.918077669	
2125-12-03 324.239 197.556 277.987870564	
