2252-01-02 337.947 204.224 284.370677753	
2080-12-13 329.264 201.032 280.377008672	
2075-12-15 328.461 208.861 282.02062815	
4011-01-01 331.435 195.877 278.001044913	
2231-11-08 331.767 203.843 281.255772995	
2007-01-01 328.058 199.098 278.20507228	
2025-12-27 321.625 203.093 277.769286599	
2015-12-30 324.511 198.789 278.540066817	
2232-01-02 332.116 202.639 281.287189584	
2095-12-10 327.208 197.061 280.143408036	
2035-12-25 322.913 196.922 278.807845972	
2045-12-22 329.358 197.048 278.962509959	
2045-12-22 327.461 200.865 279.078479897	
2140-11-29 323.95 200.101 277.702165157	
2015-12-30 330.527 200.359 278.161301104	
2086-12-12 333.313 205.809 282.124064587	
2065-12-17 327.786 208.78 281.513522233	
2135-12-01 323.469 198.626 277.642465545	
2202-01-02 332.149 203.411 280.755971712	
2055-12-20 327.149 205.154 280.359323849	
2070-12-16 334.45 202.338 279.049919752	
2196-01-01 325.442 199.0 279.454272773	
2045-12-22 326.063 203.59 280.323621733	
2006-01-01 325.556 197.559 279.280324577	
2025-12-27 325.67 201.885 279.517469861	
2155-11-26 327.223 197.016 278.364293123	
2006-01-01 324.939 208.681 279.160186656	
2025-12-27 323.891 197.808 278.384568515	
2227-01-02 327.612 203.68 280.210445207	
2085-12-12 329.261 202.595 280.773237143	
2035-12-25 323.956 197.449 278.570934548	
2242-01-02 336.864 210.429 283.87533918	
2192-01-01 325.663 198.929 279.32840328	
2232-01-02 330.327 206.323 280.594670843	
2070-12-16 327.625 197.479 279.708065648	
2100-12-09 322.995 197.468 277.502425753	
2035-12-25 325.087 201.661 279.693513768	
2035-12-25 325.628 200.886 279.782985531	
2126-01-01 325.58 202.276 278.10192499	
2146-01-01 323.562 204.406 277.482651357	
2115-12-06 326.066 195.781 277.686461361	
2225-11-09 328.565 198.098 279.630232235	
2225-11-09 327.326 196.022 280.97802067	
2191-11-17 333.102 201.477 279.459675359	
2045-12-22 328.052 204.781 280.276691484	
2211-11-13 326.624 199.547 279.897431236	
2155-11-26 325.393 196.078 278.218413507	
2035-12-25 325.857 199.775 278.266300782	
2215-11-12 326.333 201.373 279.233375757	
2221-11-10 327.538 201.535 281.080928026	
2035-12-25 325.312 201.411 279.348101781	
2182-01-01 328.32 207.393 279.712119493	
2066-12-17 332.588 203.562 279.675021813	
2105-12-08 321.902 201.883 277.70913993	
2085-12-12 334.054 205.175 282.259079833	
2241-11-05 327.406 207.534 280.490784726	
2025-12-27 324.193 202.392 279.689095463	
2175-11-21 325.346 196.919 278.862437865	
2055-12-20 328.268 205.166 280.819359952	
2125-12-03 325.775 199.477 277.520264678	
2055-12-20 324.332 199.152 278.802325937	
2206-01-02 324.539 199.519 279.421736607	
2080-12-13 332.123 205.369 282.92274657	
2035-12-25 325.086 200.417 278.064868958	
