2095-12-10 330.076 202.382 280.17557617	
2105-12-08 322.292 200.493 277.196386953	
2186-01-01 324.125 203.751 278.961952321	
2187-01-01 324.504 202.468 278.878396185	
2205-11-14 332.142 198.557 280.148713436	
2172-01-01 332.12 201.034 278.129937421	
2035-12-25 325.351 200.174 279.506106636	
2192-01-01 328.417 196.919 280.257617929	
2046-12-22 327.925 204.083 279.753861885	
2086-12-12 326.609 201.602 279.62473475	
2095-12-10 324.718 200.945 280.214498314	
2215-11-12 327.221 200.178 279.582532402	
2030-12-26 327.356 195.072 278.570274761	
2116-01-01 322.696 201.564 277.118123353	
2025-12-27 325.521 205.599 279.588661798	
2115-12-06 326.908 191.795 277.711579764	
2145-11-28 323.247 201.567 278.099358899	
2252-01-02 331.724 201.42 281.686467264	
2025-12-27 322.78 201.226 278.086605241	
2186-01-01 332.012 198.681 279.505245119	
2066-12-17 332.965 201.161 279.524463687	
2065-12-17 329.261 201.139 279.775264708	
2191-11-17 325.07 199.889 279.561403793	
2025-12-27 326.738 200.917 279.039950103	
2046-12-22 334.596 204.86 279.187975475	
2115-12-06 329.315 194.198 277.337969601	
2045-12-22 326.892 198.12 279.237822095	
2116-01-01 324.733 191.633 277.668915902	
4060-12-31 328.134 201.828 279.623500844	
2025-12-27 324.036 197.972 278.511500073	
2035-12-25 328.181 202.084 278.710795383	
2212-01-02 333.808 207.364 282.014611263	
2236-01-02 329.022 208.178 282.036788345	
4011-01-01 323.898 201.43 277.970435396	
2065-12-17 329.434 206.793 281.361337769	
2176-01-01 329.416 201.672 278.843581018	
2035-12-25 324.388 201.928 279.066381659	
2006-01-01 323.081 198.299 278.050565797	
2025-12-27 326.41 204.423 279.637030517	
2065-12-17 327.193 196.317 279.007412993	
2006-01-01 324.548 203.337 279.349685299	
2125-12-03 322.954 197.526 277.727862078	
2105-12-08 322.658 204.427 277.795085946	
2015-12-30 332.448 203.384 278.39788626	
2222-01-02 335.303 208.152 282.816389235	
3955-01-01 323.801 199.074 277.173397344	
2182-01-01 326.201 199.449 278.424372093	
2045-12-22 327.152 202.822 279.83361115	
2211-11-13 326.641 202.052 281.03701141	
2182-01-01 328.264 202.07 279.944335814	
2056-12-19 326.758 205.898 280.174796862	
2176-01-01 325.408 202.031 278.711736918	
2006-01-01 324.752 198.817 278.108762923	
2177-01-01 324.879 197.29 278.718024925	
2221-11-10 326.278 203.805 281.084413824	
2121-01-01 327.115 194.081 277.495604523	
2155-11-26 334.487 201.815 277.868596088	
2222-01-02 324.904 201.289 279.920743699	
2125-12-03 324.299 198.04 276.894491392	
2232-01-02 328.148 203.394 280.514622508	
2105-12-08 322.1 202.194 277.815889722	
2085-12-12 334.053 202.195 278.953638106	
2035-12-25 323.435 206.254 279.972710655	
2125-12-03 324.035 196.486 277.292108587	
2075-12-15 330.147 205.448 280.892077786	
