2231-11-08 332.796 200.604 282.855776534	
2115-12-06 322.429 200.327 277.134323668	
2246-01-02 328.759 203.581 282.071284873	
2192-01-01 327.582 206.519 280.583768845	
2095-12-10 327.837 199.79 281.019002413	
2172-01-01 326.988 199.243 278.04945608	
2217-01-02 325.897 204.342 279.812888226	
2095-12-10 336.966 200.647 284.002527179	
2232-01-02 331.737 207.327 281.266910942	
2145-11-28 321.889 197.759 277.329908524	
2030-12-26 326.393 203.636 279.795375667	
2025-12-27 325.135 201.713 278.386214337	
2222-01-02 332.911 201.58 280.899643689	
2116-01-01 322.962 192.331 277.797816858	
2036-12-24 325.037 199.692 278.629340967	
2215-11-12 327.77 202.961 280.367138829	
2006-01-01 324.528 197.212 278.363488437	
2046-12-22 325.364 200.305 279.056293939	
2035-12-25 325.344 194.169 279.005292509	
2075-12-15 327.556 204.633 280.523793013	
2172-01-01 324.916 204.929 279.034832972	
2045-12-22 325.844 204.824 280.3495987	
2010-12-31 325.918 203.327 278.891596276	
2172-01-01 327.377 204.119 279.561697313	
2045-12-22 324.762 195.389 280.098532839	
2216-01-02 337.524 205.559 281.171513276	
2145-11-28 324.033 199.647 278.031580741	
2075-12-15 328.156 202.203 279.474025091	
2192-01-01 330.245 202.887 280.487476447	
2020-12-28 323.373 201.904 278.520512192	
2055-12-20 329.105 208.968 281.432927028	
2192-01-01 329.117 200.23 279.939151364	
2035-12-25 326.746 200.581 279.977090358	
2010-12-31 325.0 197.474 278.105845883	
2156-01-01 330.863 200.531 278.382467888	
2216-01-02 325.584 201.722 279.875592975	
2146-01-01 326.99 202.347 278.420420673	
2025-12-27 326.163 200.224 279.32369678	
2035-12-25 326.735 204.418 279.758555511	
2095-12-10 328.626 207.03 283.87411804	
2065-12-17 325.026 199.741 279.617612734	
2176-01-01 323.745 197.847 278.653817093	
2212-01-02 331.083 198.552 280.12398576	
2186-01-01 325.672 203.153 279.120896119	
2065-12-17 329.616 201.678 281.019502633	
2172-01-01 325.994 202.171 279.08825044	
2050-12-21 324.952 197.444 278.858771406	
2125-12-03 322.079 200.187 278.107209194	
2006-01-01 324.417 198.559 278.194945313	
2145-11-28 322.543 201.924 277.682177738	
2252-01-02 332.796 205.601 281.513327851	
3975-01-01 323.299 199.108 277.020328112	
2075-12-15 326.445 199.38 279.809733994	
2146-01-01 322.297 194.437 277.603202989	
2216-01-02 325.156 200.359 279.474316983	
4011-01-01 325.831 196.958 278.076367333	
2006-01-01 324.058 201.072 278.046461297	
2035-12-25 325.625 199.424 278.542883795	
2125-12-03 330.605 193.503 277.111961836	
2246-01-02 329.923 205.606 282.609470335	
2055-12-20 325.855 203.083 280.733539607	
2035-12-25 324.816 203.052 278.571371135	
2120-12-04 323.78 201.799 277.19263961	
2201-11-15 326.713 201.117 279.660754674	
2045-12-22 334.601 200.361 279.200466063	
